=== 简单建图数据 ===
总步数: 329
总时间: 427.07秒

=== 扫描数据 ===
步数,时间,X,Y,角度,前方,左侧,右侧,后方,最小距离
0,406.02,0.000,0.000,-0.215,1.98,0.69,3.34,inf,0.69
1,406.08,0.010,0.000,-0.215,1.98,0.69,3.33,inf,0.69
2,406.14,0.020,0.000,-0.215,1.98,0.68,3.34,inf,0.68
3,406.21,0.030,0.000,-0.215,1.97,0.68,3.34,inf,0.68
4,406.27,0.040,0.000,-0.215,1.98,0.69,3.33,inf,0.69
5,406.34,0.050,0.000,-0.215,1.97,0.67,3.33,inf,0.67
6,406.40,0.060,0.000,-0.215,1.98,0.69,3.34,inf,0.69
7,406.46,0.070,0.000,-0.215,1.97,0.68,3.34,inf,0.68
8,406.53,0.080,0.000,-0.215,1.97,0.68,3.34,inf,0.68
9,406.59,0.090,0.000,-0.215,1.98,0.69,3.33,inf,0.69
10,406.66,0.100,0.000,-0.215,1.97,0.68,3.34,inf,0.68
11,406.72,0.110,0.000,-0.215,1.97,0.68,3.33,inf,0.68
12,406.78,0.120,0.000,-0.215,1.98,0.69,3.34,inf,0.69
13,406.85,0.130,0.000,-0.215,1.97,0.68,3.33,inf,0.68
14,406.91,0.140,0.000,-0.215,1.98,0.69,3.33,inf,0.69
15,406.98,0.150,0.000,-0.215,1.97,0.68,3.34,inf,0.68
16,407.04,0.160,0.000,-0.215,1.97,0.68,3.34,inf,0.68
17,407.10,0.170,0.000,-0.215,1.98,0.69,3.33,inf,0.69
18,407.17,0.180,0.000,-0.215,1.98,0.68,3.34,inf,0.68
19,407.23,0.190,0.000,-0.215,1.98,0.69,3.33,inf,0.69
20,407.30,0.200,0.000,-0.215,1.98,0.68,3.34,inf,0.68
21,407.36,0.210,0.000,-0.215,1.97,0.68,3.34,inf,0.68
22,407.42,0.220,0.000,-0.215,1.98,0.69,3.34,inf,0.69
23,407.49,0.230,0.000,-0.215,1.97,0.68,3.34,inf,0.68
24,407.55,0.240,0.000,-0.215,1.97,0.68,3.34,inf,0.68
25,407.62,0.250,0.000,-0.215,1.97,0.68,3.33,inf,0.68
26,407.68,0.260,0.000,-0.215,1.97,0.68,3.34,inf,0.68
27,407.74,0.270,0.000,-0.215,1.98,0.69,3.33,inf,0.69
28,407.81,0.280,0.000,-0.215,1.97,0.68,3.33,inf,0.68
29,407.87,0.290,0.000,-0.215,1.96,0.67,3.32,inf,0.67
30,407.94,0.300,0.000,-0.215,1.98,0.69,3.33,inf,0.69
31,408.00,0.310,0.000,-0.215,1.97,0.69,3.33,inf,0.69
32,408.06,0.320,0.000,-0.215,1.96,0.68,3.33,inf,0.68
33,408.13,0.330,0.000,-0.215,1.95,0.68,3.33,inf,0.68
34,408.19,0.340,0.000,-0.215,1.96,0.68,3.33,inf,0.68
35,408.26,0.350,0.000,-0.215,1.96,0.69,3.32,inf,0.69
36,408.32,0.360,0.000,-0.215,1.96,0.69,3.33,inf,0.69
37,408.38,0.370,0.000,-0.215,1.96,0.69,3.33,inf,0.69
38,408.45,0.380,0.000,-0.215,1.96,0.68,3.33,inf,0.68
39,408.51,0.390,0.000,-0.215,1.96,0.68,3.34,inf,0.68
40,408.58,0.400,0.000,-0.215,1.95,0.68,3.32,inf,0.68
41,408.64,0.410,0.000,-0.215,1.95,0.69,3.34,inf,0.69
42,408.70,0.420,0.000,-0.215,1.95,0.69,3.32,inf,0.69
43,408.77,0.430,0.000,-0.215,1.95,0.69,3.33,inf,0.69
44,408.83,0.440,0.000,-0.215,1.94,0.69,3.32,inf,0.69
45,408.90,0.450,0.000,-0.215,1.93,0.69,3.33,inf,0.69
46,408.96,0.460,0.000,-0.215,1.94,0.70,3.32,inf,0.70
47,409.02,0.470,0.000,-0.215,1.92,0.69,3.32,inf,0.69
48,409.09,0.480,0.000,-0.215,1.93,0.69,3.33,inf,0.69
49,409.15,0.490,0.000,-0.215,1.92,0.70,3.31,inf,0.70
50,409.22,0.500,0.000,-0.215,1.92,0.70,3.32,inf,0.70
51,409.28,0.510,0.000,-0.215,1.91,0.70,3.31,inf,0.70
52,409.34,0.520,0.000,-0.168,1.89,0.68,3.25,inf,0.68
53,409.41,0.530,0.000,-0.120,1.02,0.68,3.20,inf,0.68
54,409.47,0.540,0.000,-0.073,1.02,0.68,3.14,inf,0.68
55,409.54,0.550,0.000,-0.025,1.01,0.68,3.07,inf,0.68
56,409.60,0.560,0.000,0.022,1.02,0.68,3.00,inf,0.68
57,409.66,0.570,0.000,0.070,1.02,2.59,2.94,inf,1.02
58,409.73,0.580,0.000,0.118,1.02,2.64,2.88,inf,1.02
59,409.79,0.590,0.000,0.166,1.84,2.72,2.84,inf,1.84
60,409.86,0.600,0.000,0.213,1.83,2.76,2.78,2.11,1.83
61,409.92,0.610,0.000,0.213,1.83,2.76,2.78,2.12,1.83
62,409.98,0.620,0.000,0.213,1.84,2.75,2.76,2.13,1.84
63,410.05,0.630,0.000,0.213,1.83,2.77,2.78,2.13,1.83
64,410.11,0.640,0.000,0.213,1.82,2.76,2.76,2.12,1.82
65,410.18,0.650,0.000,0.213,1.83,2.76,2.78,2.14,1.83
66,410.24,0.660,0.000,0.213,1.82,2.74,2.76,2.15,1.82
67,410.30,0.670,0.000,0.213,1.82,2.75,2.76,2.16,1.82
68,410.37,0.680,0.000,0.213,1.81,2.74,2.76,2.16,1.81
69,410.43,0.690,0.000,0.213,1.79,2.73,2.75,2.14,1.79
70,410.50,0.700,0.000,0.213,1.80,2.75,2.77,2.16,1.80
71,410.56,0.710,0.000,0.213,1.80,2.73,2.75,2.17,1.80
72,410.62,0.720,0.000,0.213,1.79,2.74,2.76,2.16,1.79
73,410.69,0.730,0.000,0.213,1.79,2.75,2.76,2.17,1.79
74,410.75,0.740,0.000,0.213,1.78,2.74,2.76,2.17,1.78
75,410.82,0.750,0.000,0.213,1.77,2.73,2.75,2.17,1.77
76,410.88,0.760,0.000,0.213,1.78,2.74,2.76,2.19,1.78
77,410.94,0.770,0.000,0.213,1.77,2.73,2.75,2.18,1.77
78,411.01,0.780,0.000,0.213,1.77,2.72,2.74,2.20,1.77
79,411.07,0.790,0.000,0.213,1.76,2.74,2.75,2.20,1.76
80,411.14,0.800,0.000,0.213,1.76,2.72,2.74,2.21,1.76
81,411.20,0.810,0.000,0.213,1.75,2.71,2.73,2.21,1.75
82,411.26,0.820,0.000,0.213,1.75,2.72,2.73,2.22,1.75
83,411.33,0.830,0.000,0.213,1.74,2.72,2.74,2.21,1.74
84,411.39,0.840,0.000,0.213,1.73,2.72,2.74,2.21,1.73
85,411.46,0.850,0.000,0.213,1.74,2.71,2.73,2.23,1.74
86,411.52,0.860,0.000,0.213,1.73,2.69,2.73,2.21,1.73
87,411.58,0.870,0.000,0.213,1.72,2.69,2.73,2.22,1.72
88,411.65,0.880,0.000,0.213,1.73,0.69,2.72,2.24,0.69
89,411.71,0.890,0.000,0.213,1.71,0.67,2.72,2.22,0.67
90,411.78,0.900,0.000,0.213,1.71,0.68,2.72,2.24,0.68
91,411.84,0.910,0.000,0.213,1.72,0.68,2.72,2.26,0.68
92,411.90,0.920,0.000,0.213,1.71,0.68,2.71,2.26,0.68
93,411.97,0.930,0.000,0.213,1.72,0.69,2.72,2.27,0.69
94,412.03,0.940,0.000,0.213,1.70,0.67,2.71,2.26,0.67
95,412.10,0.950,0.000,0.213,1.68,0.66,2.72,2.25,0.66
96,412.16,0.960,0.000,0.213,1.69,0.68,2.73,2.27,0.68
97,412.22,0.970,0.000,0.213,1.69,0.68,2.71,2.28,0.68
98,412.29,0.980,0.000,0.213,1.68,0.67,2.70,2.28,0.67
99,412.35,0.990,0.000,0.213,1.68,0.67,2.70,2.29,0.67
100,412.42,1.000,0.000,0.213,1.67,0.67,2.69,2.28,0.67
101,412.48,1.010,0.000,0.213,1.67,0.67,2.70,2.29,0.67
102,412.54,1.020,0.000,0.213,1.67,0.67,2.69,2.30,0.67
103,412.61,1.030,0.000,0.213,1.66,0.67,2.71,2.30,0.67
104,412.67,1.040,0.000,0.213,1.66,0.67,2.69,2.31,0.67
105,412.74,1.050,0.000,0.213,1.66,0.67,2.69,2.31,0.67
106,412.80,1.060,0.000,0.213,1.65,0.66,2.70,2.30,0.66
107,412.86,1.070,0.000,0.213,1.65,0.67,2.69,2.33,0.67
108,412.93,1.080,0.000,0.213,1.63,0.65,2.69,2.31,0.65
109,412.99,1.090,0.000,0.213,1.63,0.66,2.67,2.33,0.66
110,413.06,1.100,0.000,0.213,1.63,0.66,2.69,2.32,0.66
111,413.12,1.110,0.000,0.213,1.62,0.66,2.69,2.33,0.66
112,413.18,1.120,0.000,0.213,1.62,0.66,2.69,2.33,0.66
113,413.25,1.130,0.000,0.213,1.63,0.66,2.68,2.35,0.66
114,413.31,1.140,0.000,0.213,1.61,0.65,2.68,2.34,0.65
115,413.38,1.150,0.000,0.213,1.61,0.66,2.68,2.34,0.66
116,413.44,1.160,0.000,0.213,1.61,0.66,2.66,2.36,0.66
117,413.50,1.170,0.000,0.213,1.60,0.65,2.68,2.35,0.65
118,413.57,1.180,0.000,0.213,1.60,0.66,2.66,2.37,0.66
119,413.63,1.190,0.000,0.213,1.60,0.65,2.68,2.37,0.65
120,413.70,1.200,0.000,0.213,1.59,0.65,2.65,2.38,0.65
121,413.76,1.210,0.000,0.213,1.58,0.65,2.67,2.37,0.65
122,413.82,1.220,0.000,0.213,1.58,0.65,2.67,2.38,0.65
123,413.89,1.230,0.000,0.213,1.57,0.64,2.66,2.38,0.64
124,413.95,1.240,0.000,0.213,1.58,0.65,2.64,2.39,0.65
125,414.02,1.250,0.000,0.213,1.56,0.64,2.66,2.39,0.64
126,414.08,1.260,0.000,0.213,1.57,0.65,2.65,2.40,0.65
127,414.14,1.270,0.000,0.213,1.56,0.64,2.63,2.40,0.64
128,414.21,1.280,0.000,0.213,1.56,0.65,2.63,2.41,0.65
129,414.27,1.290,0.000,0.213,1.55,0.64,2.63,2.41,0.64
130,414.34,1.300,0.000,0.213,1.54,0.63,2.64,2.40,0.63
131,414.40,1.310,0.000,0.260,1.54,0.64,2.57,2.44,0.64
132,414.46,1.320,0.000,0.308,1.55,0.66,2.49,2.48,0.66
133,414.53,1.330,0.000,0.355,1.57,0.68,2.43,inf,0.68
134,414.59,1.340,0.000,0.403,1.56,0.68,2.37,inf,0.68
135,414.66,1.350,0.000,0.451,1.56,0.70,2.31,inf,0.70
136,414.72,1.360,0.000,0.498,1.58,3.07,2.25,inf,1.58
137,414.78,1.370,0.000,0.546,1.59,3.15,2.20,inf,1.59
138,414.85,1.380,0.000,0.594,1.60,3.24,2.13,1.26,1.26
139,414.91,1.390,0.000,0.641,1.62,3.31,2.09,1.17,1.17
140,414.98,1.400,0.000,0.689,1.63,3.29,2.03,1.08,1.08
141,415.04,1.410,0.000,0.737,1.65,3.07,1.99,1.08,1.08
142,415.10,1.420,0.000,0.784,1.66,3.16,1.94,1.13,1.13
143,415.17,1.430,0.000,0.784,1.68,3.18,1.94,1.14,1.14
144,415.23,1.440,0.000,0.784,1.66,3.17,1.94,1.12,1.12
145,415.30,1.450,0.000,0.784,1.67,3.12,1.95,1.14,1.14
146,415.36,1.460,0.000,0.784,1.65,3.11,1.93,1.13,1.13
147,415.42,1.470,0.000,0.784,1.66,3.11,1.94,1.14,1.14
148,415.49,1.480,0.000,0.784,1.65,3.15,1.94,1.15,1.15
149,415.55,1.490,0.000,0.783,1.65,3.11,1.94,1.15,1.15
150,415.62,1.500,0.000,0.783,1.65,3.15,1.94,1.17,1.17
151,415.68,1.510,0.000,0.783,1.63,3.13,1.93,1.16,1.16
152,415.74,1.520,0.000,0.783,1.64,3.14,1.93,1.18,1.18
153,415.81,1.530,0.000,0.783,1.63,3.09,1.93,1.17,1.17
154,415.87,1.540,0.000,0.784,1.62,3.13,1.92,1.19,1.19
155,415.94,1.550,0.000,0.784,1.62,3.07,1.93,1.17,1.17
156,416.00,1.560,0.000,0.784,1.62,3.12,1.93,1.19,1.19
157,416.06,1.570,0.000,0.784,1.61,3.11,1.92,1.19,1.19
158,416.13,1.580,0.000,0.784,1.61,3.06,1.92,1.19,1.19
159,416.19,1.590,0.000,0.784,1.61,3.10,1.93,1.20,1.20
160,416.26,1.600,0.000,0.784,1.60,3.10,1.91,1.19,1.19
161,416.32,1.610,0.000,0.784,1.59,3.08,1.90,1.19,1.19
162,416.38,1.620,0.000,0.784,1.59,3.09,1.92,1.20,1.20
163,416.45,1.630,0.000,0.784,1.59,3.07,1.91,1.21,1.21
164,416.51,1.640,0.000,0.784,1.59,3.07,1.91,1.21,1.21
165,416.58,1.650,0.000,0.784,1.58,3.05,1.90,1.22,1.22
166,416.64,1.660,0.000,0.784,1.58,3.05,1.90,1.22,1.22
167,416.70,1.670,0.000,0.784,1.57,3.04,1.90,1.23,1.23
168,416.77,1.680,0.000,0.784,1.56,3.02,1.90,1.24,1.24
169,416.83,1.690,0.000,0.784,1.57,3.02,1.91,1.25,1.25
170,416.90,1.700,0.000,0.784,1.56,3.01,1.90,1.25,1.25
171,416.96,1.710,0.000,0.784,1.54,3.01,1.88,1.23,1.23
172,417.02,1.720,0.000,0.784,1.55,3.02,1.89,1.26,1.26
173,417.09,1.730,0.000,0.784,1.55,3.04,1.88,1.25,1.25
174,417.15,1.740,0.000,0.784,1.54,3.05,1.88,1.25,1.25
175,417.22,1.750,0.000,0.784,1.54,3.06,1.88,1.25,1.25
176,417.28,1.760,0.000,0.784,1.53,3.07,1.88,1.26,1.26
177,417.34,1.770,0.000,0.784,1.52,3.06,1.88,1.27,1.27
178,417.41,1.780,0.000,0.784,1.53,3.07,1.88,1.28,1.28
179,417.47,1.790,0.000,0.784,1.52,3.10,1.88,1.28,1.28
180,417.54,1.800,0.000,0.784,1.53,3.11,1.87,1.29,1.29
181,417.60,1.810,0.000,0.784,1.52,3.11,1.87,1.29,1.29
182,417.66,1.820,0.000,0.784,1.51,3.11,1.88,1.30,1.30
183,417.73,1.830,0.000,0.784,1.50,3.07,1.86,1.29,1.29
184,417.79,1.840,0.000,0.784,1.50,3.12,1.87,1.31,1.31
185,417.86,1.850,0.000,0.784,1.49,3.13,1.86,1.30,1.30
186,417.92,1.860,0.000,0.784,1.49,3.14,1.85,1.30,1.30
187,417.98,1.870,0.000,0.784,1.49,3.08,1.85,1.30,1.30
188,418.05,1.880,0.000,0.784,1.49,3.14,1.86,1.33,1.33
189,418.11,1.890,0.000,0.784,1.48,3.15,1.85,1.31,1.31
190,418.18,1.900,0.000,0.784,1.48,3.15,1.86,1.33,1.33
191,418.24,1.910,0.000,0.784,1.46,3.14,1.85,1.33,1.33
192,418.30,1.920,0.000,0.784,1.47,3.11,1.85,1.33,1.33
193,418.37,1.930,0.000,0.784,1.46,3.16,1.85,1.34,1.34
194,418.43,1.940,0.000,0.784,1.46,3.18,1.84,1.34,1.34
195,418.50,1.950,0.000,0.784,1.45,3.17,1.84,1.33,1.33
196,418.56,1.960,0.000,0.784,1.45,0.67,1.84,1.35,0.67
197,418.62,1.970,0.000,0.784,1.43,0.66,1.83,1.35,0.66
198,418.69,1.980,0.000,0.784,1.44,0.67,1.83,1.35,0.67
199,418.75,1.990,0.000,0.784,1.43,0.66,1.83,1.35,0.66
200,418.82,2.000,0.000,0.784,1.43,0.66,1.83,1.36,0.66
201,418.88,2.010,0.000,0.784,1.42,0.66,1.82,1.38,0.66
202,418.94,2.020,0.000,0.784,1.43,0.65,1.82,1.37,0.65
203,419.01,2.030,0.000,0.784,1.43,0.65,1.83,1.38,0.65
204,419.07,2.040,0.000,0.784,1.43,0.66,1.84,1.39,0.66
205,419.14,2.050,0.000,0.831,1.45,0.69,1.78,1.44,0.69
206,419.20,2.060,0.000,0.879,1.46,3.24,1.72,2.50,1.46
207,419.26,2.070,0.000,0.926,1.48,inf,1.69,2.37,1.48
208,419.33,2.080,0.000,0.974,1.50,inf,0.65,2.50,0.65
209,419.39,2.090,0.000,1.022,1.54,inf,0.63,inf,0.63
210,419.46,2.100,0.000,1.069,1.57,inf,0.62,inf,0.62
211,419.52,2.110,0.000,1.117,1.60,inf,0.60,inf,0.60
212,419.58,2.120,0.000,1.117,1.60,inf,0.59,inf,0.59
213,419.65,2.130,0.000,1.117,1.59,inf,0.59,inf,0.59
214,419.71,2.140,0.000,1.116,1.60,inf,0.60,inf,0.60
215,419.78,2.150,0.000,1.116,1.60,inf,0.59,inf,0.59
216,419.84,2.160,0.000,1.116,1.59,inf,0.60,inf,0.60
217,419.90,2.170,0.000,1.116,1.59,inf,0.59,inf,0.59
218,419.97,2.180,0.000,1.116,1.59,inf,0.59,inf,0.59
219,420.03,2.190,0.000,1.116,1.58,inf,0.59,inf,0.59
220,420.10,2.200,0.000,1.116,1.57,inf,0.58,inf,0.58
221,420.16,2.210,0.000,1.116,1.57,inf,0.58,inf,0.58
222,420.22,2.220,0.000,1.116,1.57,inf,0.59,inf,0.59
223,420.29,2.230,0.000,1.116,1.57,inf,0.58,inf,0.58
224,420.35,2.240,0.000,1.116,1.56,inf,0.57,inf,0.57
225,420.42,2.250,0.000,1.116,1.56,inf,0.58,inf,0.58
226,420.48,2.260,0.000,1.116,1.55,inf,0.58,inf,0.58
227,420.54,2.270,0.000,1.116,1.55,inf,0.58,inf,0.58
228,420.61,2.280,0.000,1.116,1.55,inf,0.57,inf,0.57
229,420.67,2.290,0.000,1.116,1.54,inf,0.57,inf,0.57
230,420.74,2.300,0.000,1.116,1.54,inf,0.57,inf,0.57
231,420.80,2.310,0.000,1.116,1.53,inf,0.56,inf,0.56
232,420.86,2.320,0.000,1.116,1.53,inf,0.57,inf,0.57
233,420.93,2.330,0.000,1.116,1.51,inf,0.55,inf,0.55
234,420.99,2.340,0.000,1.116,1.52,inf,0.55,inf,0.55
235,421.06,2.350,0.000,1.116,1.51,inf,0.55,inf,0.55
236,421.12,2.360,0.000,1.116,1.51,inf,0.56,inf,0.56
237,421.18,2.370,0.000,1.116,1.51,inf,0.55,inf,0.55
238,421.25,2.380,0.000,1.116,1.51,inf,0.55,inf,0.55
239,421.31,2.390,0.000,1.116,1.49,inf,0.54,inf,0.54
240,421.38,2.400,0.000,1.116,1.49,inf,0.54,inf,0.54
241,421.44,2.410,0.000,1.116,1.49,inf,0.54,inf,0.54
242,421.50,2.420,0.000,1.116,1.48,inf,0.53,inf,0.53
243,421.57,2.430,0.000,1.116,1.48,inf,0.54,inf,0.54
244,421.63,2.440,0.000,1.116,1.48,inf,0.54,inf,0.54
245,421.70,2.450,0.000,1.116,1.47,inf,0.53,inf,0.53
246,421.76,2.460,0.000,1.116,1.47,inf,0.53,inf,0.53
247,421.82,2.470,0.000,1.116,1.46,inf,0.53,inf,0.53
248,421.89,2.480,0.000,1.116,1.46,inf,0.53,inf,0.53
249,421.95,2.490,0.000,1.116,1.46,inf,0.53,inf,0.53
250,422.02,2.500,0.000,1.116,1.44,inf,0.52,inf,0.52
251,422.08,2.510,0.000,1.116,1.44,inf,0.52,inf,0.52
252,422.14,2.520,0.000,1.116,1.45,inf,0.52,inf,0.52
253,422.21,2.530,0.000,1.116,1.44,inf,0.53,inf,0.53
254,422.27,2.540,0.000,1.116,1.42,inf,0.53,inf,0.53
255,422.34,2.550,0.000,1.116,1.43,inf,0.55,inf,0.55
256,422.40,2.560,0.000,1.116,1.43,inf,0.56,inf,0.56
257,422.46,2.570,0.000,1.116,1.42,inf,0.57,inf,0.57
258,422.53,2.580,0.000,1.116,1.41,inf,0.58,inf,0.58
259,422.59,2.590,0.000,1.116,1.41,inf,0.57,inf,0.57
260,422.66,2.600,0.000,1.116,1.41,inf,0.59,inf,0.59
261,422.72,2.610,0.000,1.116,1.40,0.65,0.60,inf,0.60
262,422.78,2.620,0.000,1.116,1.40,0.65,0.62,inf,0.62
263,422.85,2.630,0.000,1.116,1.40,0.66,0.61,inf,0.61
264,422.91,2.640,0.000,1.116,1.40,0.63,0.62,inf,0.62
265,422.98,2.650,0.000,1.116,1.38,0.63,0.64,inf,0.63
266,423.04,2.660,0.000,1.116,1.39,0.61,0.64,inf,0.61
267,423.10,2.670,0.000,1.116,1.38,0.61,0.66,inf,0.61
268,423.17,2.680,0.000,1.116,1.37,0.61,0.67,inf,0.61
269,423.23,2.690,0.000,1.116,1.37,0.61,0.67,inf,0.61
270,423.30,2.700,0.000,1.116,1.37,0.60,0.66,inf,0.60
271,423.36,2.710,0.000,1.116,1.37,0.59,0.65,inf,0.59
272,423.42,2.720,0.000,1.116,1.37,0.60,0.65,inf,0.60
273,423.49,2.730,0.000,1.116,1.38,0.62,0.65,inf,0.62
274,423.55,2.740,0.000,1.116,1.38,0.62,0.63,inf,0.62
275,423.62,2.750,0.000,1.116,1.39,0.62,0.62,inf,0.62
276,423.68,2.760,0.000,1.116,1.40,0.65,0.63,inf,0.63
277,423.74,2.770,0.000,1.116,1.40,0.66,0.62,inf,0.62
278,423.81,2.780,0.000,1.116,1.40,0.66,0.60,inf,0.60
279,423.87,2.790,0.000,1.116,1.41,inf,0.59,inf,0.59
280,423.94,2.800,0.000,1.116,1.42,inf,0.58,inf,0.58
281,424.00,2.810,0.000,1.116,1.42,inf,0.57,inf,0.57
282,424.06,2.820,0.000,1.116,1.41,inf,0.56,inf,0.56
283,424.13,2.830,0.000,1.116,1.43,inf,0.56,inf,0.56
284,424.19,2.840,0.000,1.116,1.42,inf,0.55,inf,0.55
285,424.26,2.850,0.000,1.116,1.43,inf,0.55,inf,0.55
286,424.32,2.860,0.000,1.116,1.43,inf,0.57,inf,0.57
287,424.38,2.870,0.000,1.116,1.42,inf,0.57,inf,0.57
288,424.45,2.880,0.000,1.116,1.41,inf,0.58,inf,0.58
289,424.51,2.890,0.000,1.116,1.41,inf,0.60,inf,0.60
290,424.58,2.900,0.000,1.116,1.41,0.67,0.60,inf,0.60
291,424.64,2.910,0.000,1.116,1.40,0.66,0.62,inf,0.62
292,424.70,2.920,0.000,1.116,1.40,0.65,0.61,inf,0.61
293,424.77,2.930,0.000,1.116,1.40,0.63,0.62,inf,0.62
294,424.83,2.940,0.000,1.116,1.38,0.61,0.62,inf,0.61
295,424.90,2.950,0.000,1.116,1.38,0.61,0.64,inf,0.61
296,424.96,2.960,0.000,1.116,1.38,0.61,0.65,inf,0.61
297,425.02,2.970,0.000,1.116,1.37,0.59,0.65,inf,0.59
298,425.09,2.980,0.000,1.116,1.37,0.58,0.66,inf,0.58
299,425.15,2.990,0.000,1.116,1.37,0.57,0.67,inf,0.57
300,425.22,3.000,0.000,1.116,1.37,0.58,0.69,inf,0.58
301,425.28,3.010,0.000,1.116,1.36,0.55,0.68,inf,0.55
302,425.34,3.020,0.000,1.164,1.38,0.63,0.77,inf,0.63
303,425.41,3.030,0.000,1.211,1.41,inf,1.36,inf,1.36
304,425.47,3.040,0.000,1.259,1.45,inf,1.34,inf,1.34
305,425.54,3.050,0.000,1.259,1.45,inf,1.34,inf,1.34
306,425.60,3.060,0.000,1.259,1.44,inf,1.33,inf,1.33
307,425.66,3.070,0.000,1.259,1.44,inf,1.33,inf,1.33
308,425.73,3.080,0.000,1.259,1.44,inf,1.32,inf,1.32
309,425.79,3.090,0.000,1.259,1.42,inf,1.32,inf,1.32
310,425.86,3.100,0.000,1.259,1.44,inf,1.33,inf,1.33
311,425.92,3.110,0.000,1.259,1.43,inf,1.32,inf,1.32
312,425.98,3.120,0.000,1.259,1.43,inf,1.32,inf,1.32
313,426.05,3.130,0.000,1.259,1.41,inf,1.31,inf,1.31
314,426.11,3.140,0.000,1.306,1.45,inf,1.29,inf,1.29
315,426.18,3.150,0.000,1.354,1.49,inf,1.27,inf,1.27
316,426.24,3.160,0.000,1.401,1.53,inf,1.24,inf,1.24
317,426.30,3.170,0.000,1.401,1.54,inf,1.24,inf,1.24
318,426.37,3.180,0.000,1.401,1.53,inf,1.24,inf,1.24
319,426.43,3.190,0.000,1.401,1.52,inf,1.23,inf,1.23
320,426.50,3.200,0.000,1.401,1.53,inf,1.24,inf,1.24
321,426.56,3.210,0.000,1.401,1.52,inf,1.23,inf,1.23
322,426.62,3.220,0.000,1.401,1.52,inf,1.24,inf,1.24
323,426.69,3.230,0.000,1.401,1.51,inf,1.23,inf,1.23
324,426.75,3.240,0.000,1.401,1.52,inf,1.24,inf,1.24
325,426.82,3.250,0.000,1.401,1.52,inf,1.24,inf,1.24
326,426.88,3.260,0.000,1.401,1.51,inf,1.23,inf,1.23
327,426.94,3.270,0.000,1.401,1.52,inf,1.23,inf,1.23
328,427.01,3.280,0.000,1.401,1.53,inf,1.24,inf,1.24

=== 统计信息 ===
平均距离: 1.72m
最小距离: 0.52m
最大距离: 3.34m
有效测量次数: 1040
