=== 自动建图数据 ===
总步数: 1224
总时间: 85.31秒
建图方式: 自动探索算法

=== 扫描数据 ===
步数,时间,X,Y,角度,前方,左侧,右侧,后方,最小距离
0,6.98,0.000,0.000,0.028,2.71,2.97,3.01,3.29,2.71
1,7.04,0.010,0.000,-0.055,2.71,2.94,3.03,3.28,2.71
2,7.10,0.020,0.000,-0.055,2.71,2.94,3.03,3.29,2.71
3,7.17,0.030,0.000,-0.055,2.70,2.93,3.03,3.29,2.70
4,7.23,0.040,0.000,-0.055,2.69,2.93,3.03,3.30,2.69
5,7.30,0.050,0.000,-0.055,2.69,2.94,3.04,3.31,2.69
6,7.36,0.060,0.000,-0.055,2.68,2.94,3.03,3.32,2.68
7,7.42,0.070,0.000,-0.055,2.68,2.94,3.04,3.33,2.68
8,7.49,0.080,0.000,-0.055,2.67,2.93,3.03,3.33,2.67
9,7.55,0.090,0.000,-0.055,2.67,2.94,3.04,3.34,2.67
10,7.62,0.100,0.000,-0.055,2.66,2.93,3.02,3.34,2.66
11,7.68,0.110,0.000,-0.055,2.65,2.93,0.41,3.34,0.41
12,7.74,0.120,0.000,-0.055,2.64,2.93,0.42,3.35,0.42
13,7.81,0.130,0.000,-0.055,2.64,2.94,0.42,3.36,0.42
14,7.87,0.140,0.000,-0.055,2.63,2.93,0.42,3.37,0.42
15,7.94,0.150,0.000,-0.055,2.63,2.93,0.42,3.37,0.42
16,8.00,0.160,0.000,-0.055,2.62,2.92,0.41,3.38,0.41
17,8.06,0.170,0.000,-0.055,2.60,2.92,0.41,3.38,0.41
18,8.13,0.180,0.000,-0.055,2.60,2.92,0.41,3.38,0.41
19,8.19,0.190,0.000,-0.055,2.60,2.92,0.41,3.39,0.41
20,8.26,0.200,0.000,-0.055,2.59,2.92,0.41,3.40,0.41
21,8.32,0.210,0.000,-0.055,2.59,2.93,0.41,3.41,0.41
22,8.38,0.220,0.000,-0.055,2.58,2.92,0.41,3.42,0.41
23,8.45,0.230,0.000,-0.055,2.57,2.91,0.41,3.42,0.41
24,8.51,0.240,0.000,-0.055,2.57,2.92,0.42,3.44,0.42
25,8.58,0.250,0.000,-0.055,2.57,2.92,0.42,3.44,0.42
26,8.64,0.260,0.000,-0.055,2.55,2.92,0.41,3.44,0.41
27,8.70,0.270,0.000,-0.055,2.55,2.92,0.41,3.45,0.41
28,8.77,0.280,0.000,-0.055,2.54,2.92,0.41,3.45,0.41
29,8.83,0.290,0.000,-0.055,2.54,2.92,0.42,3.47,0.42
30,8.90,0.300,0.000,-0.055,2.53,2.91,0.41,3.46,0.41
31,8.96,0.310,0.000,-0.055,2.52,2.92,0.41,3.47,0.41
32,9.02,0.320,0.000,-0.055,2.52,2.92,0.41,3.48,0.41
33,9.09,0.330,0.000,-0.055,2.51,2.91,0.41,3.49,0.41
34,9.15,0.340,0.000,-0.055,2.51,2.91,0.41,3.50,0.41
35,9.22,0.350,0.000,-0.055,2.51,2.92,0.42,5.00,0.42
36,9.28,0.360,0.000,-0.055,2.50,2.92,0.42,5.00,0.42
37,9.34,0.370,0.000,-0.055,2.50,2.92,0.42,5.00,0.42
38,9.41,0.380,0.000,-0.055,2.47,2.90,0.40,5.00,0.40
39,9.47,0.390,0.000,-0.055,2.47,2.91,0.41,5.00,0.41
40,9.54,0.400,0.000,-0.055,2.47,2.91,0.41,5.00,0.41
41,9.60,0.410,0.000,-0.055,2.47,2.91,0.41,5.00,0.41
42,9.66,0.420,0.000,-0.055,2.45,2.90,0.40,5.00,0.40
43,9.73,0.430,0.000,-0.055,2.46,2.91,0.41,5.00,0.41
44,9.79,0.440,0.000,-0.055,2.44,2.90,0.41,5.00,0.41
45,9.86,0.450,0.000,-0.055,2.43,2.90,0.40,5.00,0.40
46,9.92,0.460,0.000,-0.055,2.42,2.90,0.40,5.00,0.40
47,9.98,0.470,0.000,-0.055,2.41,2.89,0.39,5.00,0.39
48,10.05,0.480,0.000,-0.055,2.41,2.90,0.40,5.00,0.40
49,10.11,0.490,0.000,-0.055,2.41,2.89,0.41,5.00,0.41
50,10.18,0.500,0.000,-0.055,2.41,2.89,0.41,5.00,0.41
51,10.24,0.510,0.000,-0.055,2.40,2.90,0.40,5.00,0.40
52,10.30,0.520,0.000,-0.055,2.39,2.88,0.40,5.00,0.40
53,10.37,0.530,0.000,-0.055,2.39,2.88,0.41,5.00,0.41
54,10.43,0.540,0.000,-0.055,2.38,2.88,0.40,5.00,0.40
55,10.50,0.550,0.000,-0.055,2.38,2.88,0.41,5.00,0.41
56,10.56,0.560,0.000,-0.055,2.35,2.88,0.39,5.00,0.39
57,10.62,0.570,0.000,-0.055,2.37,2.88,0.41,5.00,0.41
58,10.69,0.580,0.000,-0.055,2.36,2.88,0.44,5.00,0.44
59,10.75,0.590,0.000,-0.055,2.35,2.88,0.57,5.00,0.57
60,10.82,0.600,0.000,-0.055,2.35,2.88,0.66,5.00,0.66
61,10.88,0.610,0.000,0.034,2.34,2.94,2.92,5.00,2.34
62,10.94,0.620,0.000,0.034,2.32,2.93,2.91,5.00,2.32
63,11.01,0.630,0.000,0.034,2.34,2.93,2.92,5.00,2.34
64,11.07,0.640,0.000,0.034,2.32,2.93,2.92,5.00,2.32
65,11.14,0.650,0.000,0.034,2.32,2.93,2.92,5.00,2.32
66,11.20,0.660,0.000,0.034,2.31,2.93,2.91,5.00,2.31
67,11.26,0.670,0.000,0.034,2.29,2.92,2.91,5.00,2.29
68,11.33,0.680,0.000,0.034,2.29,2.92,2.91,5.00,2.29
69,11.39,0.690,0.000,0.034,2.30,2.94,2.91,5.00,2.30
70,11.46,0.700,0.000,0.034,2.29,2.92,2.91,5.00,2.29
71,11.52,0.710,0.000,0.034,2.28,2.92,2.91,5.00,2.28
72,11.58,0.720,0.000,0.034,2.28,2.92,2.91,5.00,2.28
73,11.65,0.730,0.000,0.034,2.26,2.92,2.90,5.00,2.26
74,11.71,0.740,0.000,0.034,2.25,2.91,2.90,5.00,2.25
75,11.78,0.750,0.000,0.034,2.26,2.92,2.90,5.00,2.26
76,11.84,0.760,0.000,0.034,2.26,2.92,2.90,5.00,2.26
77,11.90,0.770,0.000,0.034,2.25,2.91,2.90,5.00,2.25
78,11.97,0.780,0.000,0.034,2.22,2.90,2.90,5.00,2.22
79,12.03,0.790,0.000,0.034,2.23,2.92,2.90,5.00,2.23
80,12.10,0.800,0.000,0.034,2.22,2.91,2.89,5.00,2.22
81,12.16,0.810,0.000,0.034,2.20,2.90,2.89,5.00,2.20
82,12.22,0.820,0.000,0.034,2.22,2.91,2.89,5.00,2.22
83,12.29,0.830,0.000,0.034,2.20,2.90,2.88,5.00,2.20
84,12.35,0.840,0.000,0.034,2.20,2.90,2.88,5.00,2.20
85,12.42,0.850,0.000,0.034,2.19,2.89,2.89,5.00,2.19
86,12.48,0.860,0.000,0.034,2.19,2.91,2.88,5.00,2.19
87,12.54,0.870,0.000,0.034,2.17,2.90,2.88,5.00,2.17
88,12.61,0.880,0.000,0.034,2.17,2.89,2.87,5.00,2.17
89,12.67,0.890,0.000,0.034,2.16,2.89,2.87,5.00,2.16
90,12.74,0.900,0.000,0.034,2.16,2.89,2.87,5.00,2.16
91,12.80,0.910,0.000,0.121,1.31,2.97,2.81,1.80,1.31
92,12.86,0.920,0.000,0.121,1.30,2.96,2.80,1.80,1.30
93,12.93,0.930,0.000,0.121,1.30,2.95,2.80,1.82,1.30
94,12.99,0.940,0.000,0.121,1.29,2.96,2.78,1.82,1.29
95,13.06,0.950,0.000,0.121,1.29,2.96,2.81,1.83,1.29
96,13.12,0.960,0.000,0.121,1.28,2.96,2.78,1.83,1.28
97,13.18,0.970,0.000,0.121,1.28,2.95,2.79,1.84,1.28
98,13.25,0.980,0.000,0.121,1.27,2.95,2.79,1.85,1.27
99,13.31,0.990,0.000,0.121,1.26,2.95,2.79,1.85,1.26
100,13.38,1.000,0.000,0.121,1.25,2.95,2.79,1.85,1.25
101,13.44,1.010,0.000,0.121,1.26,2.94,2.78,1.87,1.26
102,13.50,1.020,0.000,0.121,1.25,2.94,2.78,1.88,1.25
103,13.57,1.030,0.000,0.121,1.24,2.94,2.78,1.89,1.24
104,13.63,1.040,0.000,0.121,1.23,2.93,2.77,1.89,1.23
105,13.70,1.050,0.000,0.121,1.22,2.94,2.78,1.89,1.22
106,13.76,1.060,0.000,0.121,1.22,2.93,2.76,1.90,1.22
107,13.82,1.070,0.000,0.121,1.21,2.93,2.77,1.90,1.21
108,13.89,1.080,0.000,0.121,1.20,2.92,2.77,1.90,1.20
109,13.95,1.090,0.000,0.121,1.21,2.93,2.76,1.93,1.21
110,14.02,1.100,0.000,0.121,1.18,2.92,2.76,1.91,1.18
111,14.08,1.110,0.000,0.121,1.19,2.92,2.76,1.93,1.19
112,14.14,1.120,0.000,0.121,1.18,2.91,2.75,1.94,1.18
113,14.21,1.130,0.000,0.121,1.17,2.91,2.76,1.94,1.17
114,14.27,1.140,0.000,0.121,1.16,2.92,2.76,1.94,1.16
115,14.34,1.150,0.000,0.121,1.16,2.91,2.75,1.95,1.16
116,14.40,1.160,0.000,0.121,1.15,2.90,2.74,1.96,1.15
117,14.46,1.170,0.000,0.121,1.15,2.91,2.75,1.96,1.15
118,14.53,1.180,0.000,0.121,1.13,2.90,2.74,1.96,1.13
119,14.59,1.190,0.000,0.121,1.14,2.90,2.75,1.99,1.14
120,14.66,1.200,0.000,0.121,1.12,2.90,2.74,1.98,1.12
121,14.72,1.210,0.000,0.031,1.97,2.81,2.84,5.00,1.97
122,14.78,1.220,0.000,0.031,1.96,2.81,2.84,5.00,1.96
123,14.85,1.230,0.000,0.031,1.97,2.79,2.83,5.00,1.97
124,14.91,1.240,0.000,0.031,1.95,2.80,2.84,5.00,1.95
125,14.98,1.250,0.000,0.031,1.96,2.79,2.83,5.00,1.96
126,15.04,1.260,0.000,0.031,1.94,2.79,2.82,5.00,1.94
127,15.10,1.270,0.000,0.031,1.94,2.78,2.82,5.00,1.94
128,15.17,1.280,0.000,0.031,1.93,2.78,2.82,5.00,1.93
129,15.23,1.290,0.000,0.031,1.92,2.77,2.81,5.00,1.92
130,15.30,1.300,0.000,0.031,1.92,2.79,2.81,5.00,1.92
131,15.36,1.310,0.000,0.031,1.90,2.78,2.82,5.00,1.90
132,15.42,1.320,0.000,0.031,1.91,2.78,2.81,5.00,1.91
133,15.49,1.330,0.000,0.031,1.89,2.78,2.81,5.00,1.89
134,15.55,1.340,0.000,0.031,1.89,2.76,2.81,5.00,1.89
135,15.62,1.350,0.000,0.031,1.87,2.74,2.80,5.00,1.87
136,15.68,1.360,0.000,0.031,1.87,2.75,2.81,5.00,1.87
137,15.74,1.370,0.000,0.031,1.87,0.89,2.79,5.00,0.89
138,15.81,1.380,0.000,0.031,1.88,0.90,2.80,5.00,0.90
139,15.87,1.390,0.000,0.031,1.86,0.89,2.79,5.00,0.89
140,15.94,1.400,0.000,0.031,1.86,0.89,2.79,5.00,0.89
141,16.00,1.410,0.000,0.031,1.84,0.89,2.80,5.00,0.89
142,16.06,1.420,0.000,0.031,1.84,0.89,2.80,5.00,0.89
143,16.13,1.430,0.000,0.031,1.82,0.88,2.78,5.00,0.88
144,16.19,1.440,0.000,0.031,1.83,0.89,2.79,5.00,0.89
145,16.26,1.450,0.000,0.031,1.83,0.90,2.78,5.00,0.90
146,16.32,1.460,0.000,0.031,1.80,0.87,2.77,5.00,0.87
147,16.38,1.470,0.000,0.031,1.82,0.90,2.77,5.00,0.90
148,16.45,1.480,0.000,0.031,1.81,0.90,2.77,5.00,0.90
149,16.51,1.490,0.000,0.031,1.81,0.90,2.77,5.00,0.90
150,16.58,1.500,0.000,0.031,1.78,0.88,2.76,5.00,0.88
151,16.64,1.510,0.000,-0.057,1.78,0.88,2.88,5.00,0.88
152,16.70,1.520,0.000,-0.057,1.79,0.89,2.86,5.00,0.89
153,16.77,1.530,0.000,-0.057,1.78,0.89,2.86,5.00,0.89
154,16.83,1.540,0.000,-0.057,1.77,0.89,2.87,5.00,0.89
155,16.90,1.550,0.000,-0.057,1.77,0.89,2.87,5.00,0.89
156,16.96,1.560,0.000,-0.057,1.76,0.89,2.85,5.00,0.89
157,17.02,1.570,0.000,-0.057,1.76,0.89,2.85,5.00,0.89
158,17.09,1.580,0.000,-0.057,1.75,0.89,2.85,5.00,0.89
159,17.15,1.590,0.000,-0.057,1.75,0.89,2.87,5.00,0.89
160,17.22,1.600,0.000,-0.057,1.74,0.89,2.86,5.00,0.89
161,17.28,1.610,0.000,-0.057,1.72,0.88,2.85,5.00,0.88
162,17.34,1.620,0.000,-0.057,1.72,0.89,2.85,5.00,0.89
163,17.41,1.630,0.000,-0.057,1.70,0.88,2.84,5.00,0.88
164,17.47,1.640,0.000,-0.057,1.71,0.89,2.85,5.00,0.89
165,17.54,1.650,0.000,-0.057,1.71,0.90,2.84,5.00,0.90
166,17.60,1.660,0.000,-0.057,1.69,0.89,2.83,5.00,0.89
167,17.66,1.670,0.000,-0.057,1.69,0.90,2.85,5.00,0.90
168,17.73,1.680,0.000,-0.057,1.69,0.89,2.84,5.00,0.89
169,17.79,1.690,0.000,-0.057,1.69,0.90,2.83,5.00,0.90
170,17.86,1.700,0.000,-0.057,1.69,0.91,2.83,5.00,0.91
171,17.92,1.710,0.000,-0.057,1.68,0.91,2.83,5.00,0.91
172,17.98,1.720,0.000,-0.057,1.66,0.89,2.83,5.00,0.89
173,18.05,1.730,0.000,-0.057,1.65,2.56,2.80,5.00,1.65
174,18.11,1.740,0.000,-0.057,1.66,2.57,2.81,5.00,1.66
175,18.18,1.750,0.000,-0.057,1.64,2.56,2.80,5.00,1.64
176,18.24,1.760,0.000,-0.057,1.63,2.53,2.80,5.00,1.63
177,18.30,1.770,0.000,-0.057,1.63,2.56,2.80,5.00,1.63
178,18.37,1.780,0.000,-0.057,1.62,2.55,2.81,5.00,1.62
179,18.43,1.790,0.000,-0.057,1.61,2.54,2.81,5.00,1.61
180,18.50,1.800,0.000,-0.057,1.61,2.55,2.79,5.00,1.61
181,18.56,1.810,0.000,-0.143,1.61,2.42,2.93,5.00,1.61
182,18.62,1.820,0.000,-0.143,1.62,2.41,2.91,5.00,1.62
183,18.69,1.830,0.000,-0.143,1.60,2.40,2.90,5.00,1.60
184,18.75,1.840,0.000,-0.143,1.60,2.41,2.91,5.00,1.60
185,18.82,1.850,0.000,-0.143,1.59,2.40,2.90,5.00,1.59
186,18.88,1.860,0.000,-0.143,1.59,2.40,2.89,5.00,1.59
187,18.94,1.870,0.000,-0.143,1.58,2.40,2.90,5.00,1.58
188,19.01,1.880,0.000,-0.143,1.57,2.40,2.91,5.00,1.57
189,19.07,1.890,0.000,-0.143,1.55,2.37,2.88,5.00,1.55
190,19.14,1.900,0.000,-0.143,1.55,2.40,2.90,5.00,1.55
191,19.20,1.910,0.000,-0.143,1.56,2.38,2.88,5.00,1.56
192,19.26,1.920,0.000,-0.143,1.54,2.39,2.89,5.00,1.54
193,19.33,1.930,0.000,-0.143,1.54,2.37,2.87,5.00,1.54
194,19.39,1.940,0.000,-0.143,1.54,2.37,2.87,5.00,1.54
195,19.46,1.950,0.000,-0.143,1.52,2.37,2.88,5.00,1.52
196,19.52,1.960,0.000,-0.143,1.53,2.37,2.87,5.00,1.53
197,19.58,1.970,0.000,-0.143,1.51,2.36,2.87,5.00,1.51
198,19.65,1.980,0.000,-0.143,1.50,2.36,2.87,5.00,1.50
199,19.71,1.990,0.000,-0.143,1.50,2.36,2.88,5.00,1.50
200,19.78,2.000,0.000,-0.143,1.50,2.34,2.86,5.00,1.50
201,19.84,2.010,0.000,-0.143,1.48,2.35,2.86,5.00,1.48
202,19.90,2.020,0.000,-0.143,1.48,2.35,2.86,5.00,1.48
203,19.97,2.030,0.000,-0.143,1.48,2.34,2.86,5.00,1.48
204,20.03,2.040,0.000,-0.143,1.46,2.33,2.85,5.00,1.46
205,20.10,2.050,0.000,-0.143,1.46,2.33,2.85,5.00,1.46
206,20.16,2.060,0.000,-0.143,1.45,2.33,2.85,5.00,1.45
207,20.22,2.070,0.000,-0.143,1.44,2.32,2.84,5.00,1.44
208,20.29,2.080,0.000,-0.143,1.44,2.33,2.84,5.00,1.44
209,20.35,2.090,0.000,-0.143,1.44,2.32,2.84,5.00,1.44
210,20.42,2.100,0.000,-0.143,1.43,2.32,2.84,5.00,1.43
211,20.48,2.110,0.000,-0.143,1.42,2.31,2.83,5.00,1.42
212,20.54,2.120,0.000,-0.143,1.41,2.30,2.83,5.00,1.41
213,20.61,2.130,0.000,-0.143,1.41,2.28,2.80,5.00,1.41
214,20.67,2.140,0.000,-0.143,1.40,2.30,2.82,5.00,1.40
215,20.74,2.150,0.000,-0.143,1.39,2.29,2.81,5.00,1.39
216,20.80,2.160,0.000,-0.143,1.39,2.29,2.79,5.00,1.39
217,20.86,2.170,0.000,-0.143,1.38,2.29,2.81,5.00,1.38
218,20.93,2.180,0.000,-0.143,1.39,2.27,2.79,5.00,1.39
219,20.99,2.190,0.000,-0.143,1.38,2.26,2.78,5.00,1.38
220,21.06,2.200,0.000,-0.143,1.38,2.26,2.78,5.00,1.38
221,21.12,2.210,0.000,-0.143,1.36,2.26,2.79,5.00,1.36
222,21.18,2.220,0.000,-0.143,1.36,2.26,2.77,5.00,1.36
223,21.25,2.230,0.000,-0.143,1.35,2.24,2.76,5.00,1.35
224,21.31,2.240,0.000,-0.143,1.34,2.26,2.78,5.00,1.34
225,21.38,2.250,0.000,-0.143,1.34,2.27,2.78,5.00,1.34
226,21.44,2.260,0.000,-0.143,1.33,2.25,2.77,5.00,1.33
227,21.50,2.270,0.000,-0.143,1.33,2.25,2.77,5.00,1.33
228,21.57,2.280,0.000,-0.143,1.31,2.24,2.76,5.00,1.31
229,21.63,2.290,0.000,-0.143,1.31,2.24,2.76,5.00,1.31
230,21.70,2.300,0.000,-0.143,1.30,2.22,2.72,5.00,1.30
231,21.76,2.310,0.000,-0.143,1.29,2.22,2.74,5.00,1.29
232,21.82,2.320,0.000,-0.143,1.29,2.23,2.75,5.00,1.29
233,21.89,2.330,0.000,-0.143,1.29,2.23,2.75,5.00,1.29
234,21.95,2.340,0.000,-0.143,1.28,2.20,2.71,5.00,1.28
235,22.02,2.350,0.000,-0.143,1.28,2.20,2.71,5.00,1.28
236,22.08,2.360,0.000,-0.143,1.26,2.20,2.72,5.00,1.26
237,22.14,2.370,0.000,-0.143,1.26,2.18,2.70,5.00,1.26
238,22.21,2.380,0.000,-0.143,1.26,2.18,2.70,5.00,1.26
239,22.27,2.390,0.000,-0.143,1.25,2.18,2.69,5.00,1.25
240,22.34,2.400,0.000,-0.143,1.25,2.19,2.69,5.00,1.25
241,22.40,2.410,0.000,-0.053,1.24,2.32,2.51,5.00,1.24
242,22.46,2.420,0.000,-0.053,1.23,2.33,2.53,5.00,1.23
243,22.53,2.430,0.000,-0.053,1.22,2.30,2.51,5.00,1.22
244,22.59,2.440,0.000,-0.053,1.22,2.30,2.50,5.00,1.22
245,22.66,2.450,0.000,-0.053,1.21,2.30,2.49,5.00,1.21
246,22.72,2.460,0.000,-0.053,1.20,2.31,2.51,5.00,1.20
247,22.78,2.470,0.000,-0.053,1.20,2.31,2.51,5.00,1.20
248,22.85,2.480,0.000,-0.053,1.19,2.28,2.48,5.00,1.19
249,22.91,2.490,0.000,-0.053,1.19,2.28,2.47,5.00,1.19
250,22.98,2.500,0.000,-0.053,1.18,2.27,2.47,5.00,1.18
251,23.04,2.510,0.000,-0.053,1.17,2.26,2.46,5.00,1.17
252,23.10,2.520,0.000,-0.053,1.17,2.26,2.47,5.00,1.17
253,23.17,2.530,0.000,-0.053,1.15,2.27,2.47,5.00,1.15
254,23.23,2.540,0.000,-0.053,1.15,2.28,2.48,5.00,1.15
255,23.30,2.550,0.000,-0.053,1.13,2.26,2.46,5.00,1.13
256,23.36,2.560,0.000,-0.053,1.14,2.27,2.47,5.00,1.14
257,23.42,2.570,0.000,-0.053,1.12,2.25,2.45,5.00,1.12
258,23.49,2.580,0.000,-0.053,1.13,2.25,2.46,5.00,1.13
259,23.55,2.590,0.000,-0.053,1.11,2.24,2.45,5.00,1.11
260,23.62,2.600,0.000,-0.053,1.13,2.23,2.44,5.00,1.13
261,23.68,2.610,0.000,-0.053,1.11,2.22,2.42,5.00,1.11
262,23.74,2.620,0.000,-0.053,1.11,2.22,2.42,5.00,1.11
263,23.81,2.630,0.000,-0.053,1.10,2.21,2.41,5.00,1.10
264,23.87,2.640,0.000,-0.053,1.08,2.22,2.42,5.00,1.08
265,23.94,2.650,0.000,-0.053,1.08,2.20,2.40,5.00,1.08
266,24.00,2.660,0.000,-0.053,1.08,2.19,2.40,5.00,1.08
267,24.06,2.670,0.000,-0.053,1.07,2.21,2.41,5.00,1.07
268,24.13,2.680,0.000,-0.053,1.07,2.18,2.39,5.00,1.07
269,24.19,2.690,0.000,-0.053,1.06,2.17,2.41,5.00,1.06
270,24.26,2.700,0.000,-0.053,1.04,2.19,2.39,5.00,1.04
271,24.32,2.710,0.000,0.036,1.06,2.34,2.19,5.00,1.06
272,24.38,2.720,0.000,0.036,1.05,2.37,2.21,5.00,1.05
273,24.45,2.730,0.000,0.036,1.04,2.36,2.20,5.00,1.04
274,24.51,2.740,0.000,0.036,1.03,2.31,2.17,5.00,1.03
275,24.58,2.750,0.000,0.036,1.03,2.31,2.18,5.00,1.03
276,24.64,2.760,0.000,0.036,1.02,2.34,2.19,5.00,1.02
277,24.70,2.770,0.000,0.036,1.01,2.33,2.18,5.00,1.01
278,24.77,2.780,0.000,0.036,1.01,2.30,2.16,5.00,1.01
279,24.83,2.790,0.000,0.036,1.01,2.29,2.16,5.00,1.01
280,24.90,2.800,0.000,0.036,1.01,2.29,2.15,5.00,1.01
281,24.96,2.810,0.000,0.036,0.99,2.31,2.16,5.00,0.99
282,25.02,2.820,0.000,0.036,0.97,2.29,2.15,5.00,0.97
283,25.09,2.830,0.000,0.035,0.98,2.27,2.13,5.00,0.98
284,25.15,2.840,0.000,0.035,0.97,2.29,2.15,5.00,0.97
285,25.22,2.850,0.000,0.035,0.97,2.26,2.12,5.00,0.97
286,25.28,2.860,0.000,0.035,0.96,2.28,2.14,5.00,0.96
287,25.34,2.870,0.000,0.035,0.96,2.25,2.11,5.00,0.96
288,25.41,2.880,0.000,0.035,0.94,2.26,2.13,5.00,0.94
289,25.47,2.890,0.000,0.035,0.95,2.24,2.10,5.00,0.95
290,25.54,2.900,0.000,0.035,0.93,2.22,2.09,5.00,0.93
291,25.60,2.910,0.000,0.035,0.92,2.25,2.12,5.00,0.92
292,25.66,2.920,0.000,0.035,0.92,2.24,2.11,5.00,0.92
293,25.73,2.930,0.000,0.035,0.92,2.22,2.09,5.00,0.92
294,25.79,2.940,0.000,0.090,0.91,2.36,1.99,3.05,0.91
295,25.86,2.950,0.000,0.090,0.91,2.36,1.98,3.05,0.91
296,25.92,2.960,0.000,0.144,0.91,2.45,1.85,3.08,0.91
297,25.98,2.970,0.000,0.181,0.91,2.53,1.79,5.00,0.91
298,26.05,2.980,0.000,0.219,0.90,2.66,1.73,1.85,0.90
299,26.11,2.990,0.000,0.257,0.91,2.72,1.68,1.53,0.91
300,26.18,3.000,0.000,0.296,0.33,2.85,1.61,1.55,0.33
301,26.24,3.010,0.000,0.335,0.30,2.91,1.54,1.57,0.30
302,26.30,3.020,0.000,0.348,0.27,2.96,1.52,1.58,0.27
303,26.37,3.030,0.000,0.361,0.27,2.99,1.50,1.59,0.27
304,26.43,3.040,0.000,0.375,0.26,3.06,1.50,1.61,0.26
305,26.50,3.050,0.000,0.388,0.25,3.10,1.48,1.62,0.25
306,26.56,3.060,0.000,0.400,0.24,3.12,1.46,1.62,0.24
307,26.62,3.070,0.000,0.411,0.23,3.11,1.43,1.62,0.23
308,26.69,3.080,0.000,0.423,0.23,3.14,1.41,1.65,0.23
309,26.75,3.090,0.000,0.435,0.22,3.22,1.41,5.00,0.22
310,26.82,3.100,0.000,0.446,0.21,3.25,1.40,5.00,0.21
311,26.88,3.110,0.000,0.458,0.21,3.24,1.37,5.00,0.21
312,26.94,3.120,0.000,0.470,0.21,3.28,1.37,5.00,0.21
313,27.01,3.130,0.000,0.481,0.20,3.30,1.35,5.00,0.20
314,27.07,3.140,0.000,0.493,0.19,3.33,1.33,5.00,0.19
315,27.14,3.150,0.000,0.505,0.18,3.40,1.32,5.00,0.18
316,27.20,3.160,0.000,0.516,0.18,3.39,1.31,5.00,0.18
317,27.26,3.170,0.000,0.528,0.18,3.47,1.30,5.00,0.18
318,27.33,3.180,0.000,0.540,0.18,1.46,1.29,5.00,0.18
319,27.39,3.190,0.000,0.551,0.16,1.42,1.28,5.00,0.16
320,27.46,3.200,0.000,0.563,0.17,1.37,1.26,5.00,0.17
321,27.52,3.210,0.000,0.574,0.15,1.37,1.25,2.67,0.15
322,27.58,3.220,0.000,0.586,0.15,1.32,1.23,2.56,0.15
323,27.65,3.230,0.000,0.597,0.15,1.33,1.22,2.58,0.15
324,27.71,3.240,0.000,0.609,0.15,1.31,1.22,2.54,0.15
325,27.78,3.250,0.000,0.620,0.15,1.27,1.20,2.49,0.15
326,27.84,3.260,0.000,0.631,0.15,1.25,1.19,2.42,0.15
327,27.90,3.270,0.000,0.643,0.14,1.26,1.19,2.46,0.14
328,27.97,3.280,0.000,0.654,0.14,1.24,1.17,2.46,0.14
329,28.03,3.290,0.000,0.665,0.14,1.20,1.16,2.51,0.14
330,28.10,3.300,0.000,0.677,0.13,1.20,1.14,2.54,0.13
331,28.16,3.310,0.000,0.760,0.13,1.29,1.09,5.00,0.13
332,28.22,3.320,0.000,0.760,5.00,1.30,1.09,5.00,1.09
333,28.29,3.330,0.000,0.760,5.00,1.29,1.09,5.00,1.09
334,28.35,3.340,0.000,0.813,5.00,1.37,1.04,5.00,1.04
335,28.42,3.350,0.000,0.814,5.00,1.37,1.05,5.00,1.05
336,28.48,3.360,0.000,0.866,5.00,5.00,1.00,5.00,1.00
337,28.54,3.370,0.000,0.903,5.00,5.00,0.98,5.00,0.98
338,28.61,3.380,0.000,0.940,5.00,5.00,0.96,5.00,0.96
339,28.67,3.390,0.000,0.975,5.00,5.00,0.93,5.00,0.93
340,28.74,3.400,0.000,1.010,5.00,5.00,0.92,5.00,0.92
341,28.80,3.410,0.000,1.044,5.00,5.00,0.92,3.44,0.92
342,28.86,3.420,0.000,1.078,5.00,5.00,0.89,3.37,0.89
343,28.93,3.430,0.000,1.110,5.00,5.00,0.89,3.24,0.89
344,28.99,3.440,0.000,1.142,5.00,5.00,0.88,3.15,0.88
345,29.06,3.450,0.000,1.188,5.00,2.38,0.85,3.05,0.85
346,29.12,3.460,0.000,1.238,5.00,2.34,0.85,2.89,0.85
347,29.18,3.470,0.000,1.289,5.00,2.30,0.83,2.78,0.83
348,29.25,3.480,0.000,1.339,5.00,5.00,0.82,2.65,0.82
349,29.31,3.490,0.000,1.389,5.00,5.00,0.81,2.51,0.81
350,29.38,3.500,0.000,1.438,5.00,5.00,0.81,2.36,0.81
351,29.44,3.510,0.000,1.486,5.00,5.00,0.80,2.27,0.80
352,29.50,3.520,0.000,1.534,1.92,5.00,0.80,2.13,0.80
353,29.57,3.530,0.000,1.581,2.03,5.00,0.78,2.04,0.78
354,29.63,3.540,0.000,1.561,2.00,5.00,0.79,2.10,0.79
355,29.70,3.550,0.000,1.563,2.00,5.00,0.79,2.09,0.79
356,29.76,3.560,0.000,1.564,2.00,5.00,0.79,2.09,0.79
357,29.82,3.570,0.000,1.566,2.01,5.00,0.79,2.09,0.79
358,29.89,3.580,0.000,1.567,2.01,5.00,0.79,2.08,0.79
359,29.95,3.590,0.000,1.567,2.00,5.00,0.81,2.07,0.81
360,30.02,3.600,0.000,1.568,1.98,5.00,0.80,2.04,0.80
361,30.08,3.610,0.000,1.514,1.90,5.00,0.79,2.20,0.79
362,30.14,3.620,0.000,1.561,2.00,5.00,0.80,2.06,0.80
363,30.21,3.630,0.000,1.607,2.10,5.00,0.80,1.99,0.80
364,30.27,3.640,0.000,1.585,2.05,5.00,0.79,2.04,0.79
365,30.34,3.650,0.000,1.582,2.05,5.00,0.80,2.05,0.80
366,30.40,3.660,0.000,1.579,2.01,5.00,0.80,2.03,0.80
367,30.46,3.670,0.000,1.578,2.04,5.00,0.80,2.06,0.80
368,30.53,3.680,0.000,1.576,2.00,5.00,0.80,2.03,0.80
369,30.59,3.690,0.000,1.575,2.03,5.00,0.79,2.06,0.79
370,30.66,3.700,0.000,1.574,2.03,5.00,0.80,2.07,0.80
371,30.72,3.710,0.000,1.573,2.00,5.00,0.80,2.04,0.80
372,30.78,3.720,0.000,1.573,1.99,5.00,0.80,2.04,0.80
373,30.85,3.730,0.000,1.572,2.02,5.00,0.79,2.07,0.79
374,30.91,3.740,0.000,1.572,2.02,5.00,0.79,2.07,0.79
375,30.98,3.750,0.000,1.572,2.03,5.00,0.80,2.08,0.80
376,31.04,3.760,0.000,1.572,2.02,5.00,0.79,2.07,0.79
377,31.10,3.770,0.000,1.571,2.02,5.00,0.79,2.07,0.79
378,31.17,3.780,0.000,1.571,2.02,5.00,0.79,2.07,0.79
379,31.23,3.790,0.000,1.571,2.03,5.00,0.79,2.08,0.79
380,31.30,3.800,0.000,1.571,2.02,5.00,0.79,2.07,0.79
381,31.36,3.810,0.000,1.571,2.02,5.00,0.80,2.08,0.80
382,31.42,3.820,0.000,1.571,1.98,5.00,0.79,2.03,0.79
383,31.49,3.830,0.000,1.571,1.99,5.00,0.80,2.05,0.80
384,31.55,3.840,0.000,1.571,2.02,5.00,0.79,2.08,0.79
385,31.62,3.850,0.000,1.571,1.99,5.00,0.80,2.04,0.80
386,31.68,3.860,0.000,1.571,1.99,5.00,0.80,2.08,0.80
387,31.74,3.870,0.000,1.571,1.99,5.00,0.80,2.04,0.80
388,31.81,3.880,0.000,1.571,1.99,5.00,0.80,2.04,0.80
389,31.87,3.890,0.000,1.571,1.99,5.00,0.80,2.05,0.80
390,31.94,3.900,0.000,1.571,2.02,5.00,0.79,2.08,0.79
391,32.00,3.910,0.000,1.516,1.89,5.00,0.81,2.17,0.81
392,32.06,3.920,0.000,1.563,1.98,5.00,0.80,2.06,0.80
393,32.13,3.930,0.000,1.543,1.97,5.00,0.79,2.11,0.79
394,32.19,3.940,0.000,1.590,2.03,5.00,0.80,2.00,0.80
395,32.26,3.950,0.000,1.567,2.03,5.00,0.81,2.09,0.81
396,32.32,3.960,0.000,1.568,2.02,5.00,0.80,2.08,0.80
397,32.38,3.970,0.000,1.568,2.02,5.00,0.80,2.09,0.80
398,32.45,3.980,0.000,1.569,1.99,5.00,0.80,2.04,0.80
399,32.51,3.990,0.000,1.569,1.99,5.00,0.80,2.05,0.80
400,32.58,4.000,0.000,1.569,2.00,5.00,0.81,2.05,0.81
401,32.64,4.010,0.000,1.570,2.02,5.00,0.80,2.08,0.80
402,32.70,4.020,0.000,1.570,1.99,5.00,0.80,2.04,0.80
403,32.77,4.030,0.000,1.570,1.99,5.00,0.81,2.05,0.81
404,32.83,4.040,0.000,1.570,2.02,5.00,0.80,2.08,0.80
405,32.90,4.050,0.000,1.570,2.02,5.00,0.80,2.08,0.80
406,32.96,4.060,0.000,1.570,1.99,5.00,0.80,2.05,0.80
407,33.02,4.070,0.000,1.570,2.02,5.00,0.79,2.08,0.79
408,33.09,4.080,0.000,1.570,2.02,5.00,0.79,2.07,0.79
409,33.15,4.090,0.000,1.570,1.99,5.00,0.80,2.05,0.80
410,33.22,4.100,0.000,1.571,2.02,5.00,0.79,2.08,0.79
411,33.28,4.110,0.000,1.571,2.02,5.00,0.80,2.08,0.80
412,33.34,4.120,0.000,1.571,1.99,5.00,0.80,2.04,0.80
413,33.41,4.130,0.000,1.571,2.02,5.00,0.79,2.07,0.79
414,33.47,4.140,0.000,1.571,2.02,5.00,0.79,2.07,0.79
415,33.54,4.150,0.000,1.571,2.02,5.00,0.79,2.07,0.79
416,33.60,4.160,0.000,1.571,2.03,5.00,0.80,2.08,0.80
417,33.66,4.170,0.000,1.571,2.02,5.00,0.79,2.07,0.79
418,33.73,4.180,0.000,1.571,2.02,5.00,0.80,2.08,0.80
419,33.79,4.190,0.000,1.571,1.99,5.00,0.80,2.04,0.80
420,33.86,4.200,0.000,1.571,2.02,5.00,0.80,2.09,0.80
421,33.92,4.210,0.000,1.571,2.02,5.00,0.80,2.08,0.80
422,33.98,4.220,0.000,1.571,2.03,5.00,0.80,2.09,0.80
423,34.05,4.230,0.000,1.571,2.02,5.00,0.79,2.07,0.79
424,34.11,4.240,0.000,1.571,2.03,5.00,0.80,2.08,0.80
425,34.18,4.250,0.000,1.571,1.99,5.00,0.80,2.04,0.80
426,34.24,4.260,0.000,1.571,2.00,5.00,0.80,2.05,0.80
427,34.30,4.270,0.000,1.571,2.02,5.00,0.80,2.08,0.80
428,34.37,4.280,0.000,1.571,1.99,5.00,0.80,2.04,0.80
429,34.43,4.290,0.000,1.571,2.02,5.00,0.79,2.08,0.79
430,34.50,4.300,0.000,1.571,2.00,5.00,0.81,2.05,0.81
431,34.56,4.310,0.000,1.571,2.03,5.00,0.80,2.08,0.80
432,34.62,4.320,0.000,1.571,1.99,5.00,0.80,2.04,0.80
433,34.69,4.330,0.000,1.571,1.99,5.00,0.80,2.04,0.80
434,34.75,4.340,0.000,1.571,2.03,5.00,0.80,2.08,0.80
435,34.82,4.350,0.000,1.571,2.02,5.00,0.80,2.08,0.80
436,34.88,4.360,0.000,1.571,2.02,5.00,0.80,2.08,0.80
437,34.94,4.370,0.000,1.571,2.01,5.00,0.78,2.07,0.78
438,35.01,4.380,0.000,1.571,1.99,5.00,0.80,2.04,0.80
439,35.07,4.390,0.000,1.571,1.99,5.00,0.80,2.04,0.80
440,35.14,4.400,0.000,1.571,2.03,5.00,0.80,2.08,0.80
441,35.20,4.410,0.000,1.571,2.02,5.00,0.80,2.08,0.80
442,35.26,4.420,0.000,1.571,2.02,5.00,0.79,2.07,0.79
443,35.33,4.430,0.000,1.571,1.99,5.00,0.80,2.05,0.80
444,35.39,4.440,0.000,1.571,2.02,5.00,0.79,2.07,0.79
445,35.46,4.450,0.000,1.535,1.95,5.00,0.80,2.16,0.80
446,35.52,4.460,0.000,1.498,5.00,5.00,0.80,2.24,0.80
447,35.58,4.470,0.000,1.462,5.00,5.00,0.81,2.30,0.81
448,35.65,4.480,0.000,1.424,5.00,5.00,0.81,2.39,0.81
449,35.71,4.490,0.000,1.386,5.00,5.00,0.80,2.51,0.80
450,35.78,4.500,0.000,1.348,5.00,5.00,0.80,2.61,0.80
451,35.84,4.510,0.000,1.309,5.00,2.42,0.83,2.70,0.83
452,35.90,4.520,0.000,1.269,5.00,2.32,0.83,2.79,0.83
453,35.97,4.530,0.000,1.229,5.00,2.35,0.84,2.90,0.84
454,36.03,4.540,0.000,1.197,5.00,2.38,0.86,3.00,0.86
455,36.10,4.550,0.000,1.155,5.00,5.00,0.86,3.15,0.86
456,36.16,4.560,0.000,1.155,5.00,5.00,0.87,3.15,0.87
457,36.22,4.570,0.000,1.155,5.00,5.00,0.87,3.15,0.87
458,36.29,4.580,0.000,1.155,5.00,5.00,0.87,3.14,0.87
459,36.35,4.590,0.000,1.155,5.00,5.00,0.88,3.10,0.88
460,36.42,4.600,0.000,1.155,5.00,5.00,0.87,3.09,0.87
461,36.48,4.610,0.000,1.155,5.00,5.00,0.88,3.09,0.88
462,36.54,4.620,0.000,1.155,5.00,5.00,0.87,3.12,0.87
463,36.61,4.630,0.000,1.155,5.00,5.00,0.87,3.12,0.87
464,36.67,4.640,0.000,1.155,0.12,5.00,0.88,3.12,0.12
465,36.74,4.650,0.000,1.155,0.13,5.00,0.88,3.11,0.13
466,36.80,4.660,0.000,1.155,0.14,5.00,0.88,3.07,0.14
467,36.86,4.670,0.000,1.155,0.13,5.00,0.87,3.10,0.13
468,36.93,4.680,0.000,1.155,0.14,2.41,0.88,3.06,0.14
469,36.99,4.690,0.000,1.155,0.15,2.42,0.89,3.06,0.15
470,37.06,4.700,0.000,1.155,0.14,2.41,0.88,3.10,0.14
471,37.12,4.710,0.000,1.155,0.14,2.40,0.88,3.05,0.14
472,37.18,4.720,0.000,1.155,0.14,2.40,0.88,3.09,0.14
473,37.25,4.730,0.000,1.155,0.14,2.40,0.88,3.10,0.14
474,37.31,4.740,0.000,1.155,0.14,2.41,0.88,3.05,0.14
475,37.38,4.750,0.000,1.155,0.15,2.41,0.88,3.10,0.15
476,37.44,4.760,0.000,1.155,0.15,2.41,0.89,3.10,0.15
477,37.50,4.770,0.000,1.155,0.14,2.40,0.88,3.05,0.14
478,37.57,4.780,0.000,1.155,0.14,2.40,0.88,3.10,0.14
479,37.63,4.790,0.000,1.155,0.15,2.42,0.89,3.06,0.15
480,37.70,4.800,0.000,1.155,0.14,2.41,0.88,3.10,0.14
481,37.76,4.810,0.000,1.155,0.13,2.39,0.87,3.09,0.13
482,37.82,4.820,0.000,1.155,0.14,2.40,0.88,3.10,0.14
483,37.89,4.830,0.000,1.155,0.14,2.40,0.88,3.10,0.14
484,37.95,4.840,0.000,1.155,0.14,2.40,0.88,3.10,0.14
485,38.02,4.850,0.000,1.155,5.00,2.36,0.85,3.05,0.85
486,38.08,4.860,0.000,1.155,0.15,2.40,0.88,3.09,0.15
487,38.14,4.870,0.000,1.155,0.15,2.39,0.88,3.08,0.15
488,38.21,4.880,0.000,1.155,0.17,2.41,0.89,3.04,0.17
489,38.27,4.890,0.000,1.155,0.17,2.40,0.89,3.03,0.17
490,38.34,4.900,0.000,1.155,0.17,2.40,0.89,3.03,0.17
491,38.40,4.910,0.000,1.155,0.19,2.40,0.90,3.03,0.19
492,38.46,4.920,0.000,1.155,0.18,2.40,0.89,3.02,0.18
493,38.53,4.930,0.000,1.155,0.19,2.38,0.90,3.02,0.19
494,38.59,4.940,0.000,1.107,0.19,5.00,0.91,3.15,0.19
495,38.66,4.950,0.000,1.060,0.18,5.00,0.91,3.31,0.18
496,38.72,4.960,0.000,1.012,0.19,5.00,0.93,3.44,0.19
497,38.78,4.970,0.000,0.964,0.20,5.00,0.96,5.00,0.20
498,38.85,4.980,0.000,0.917,0.21,5.00,0.98,5.00,0.21
499,38.91,4.990,0.000,0.869,0.22,5.00,1.01,5.00,0.22
500,38.98,5.000,0.000,0.821,0.23,5.00,1.04,5.00,0.23
501,39.04,5.010,0.000,0.774,0.22,1.42,1.05,5.00,0.22
502,39.10,5.020,0.000,0.726,0.25,1.37,1.09,5.00,0.25
503,39.17,5.030,0.000,0.679,0.26,1.30,1.12,2.50,0.26
504,39.23,5.040,0.000,0.631,0.27,1.24,1.16,2.43,0.27
505,39.30,5.050,0.000,0.583,0.30,1.37,1.22,2.50,0.30
506,39.36,5.060,0.000,0.536,0.32,1.44,1.25,5.00,0.32
507,39.42,5.070,0.000,0.488,0.35,3.39,1.30,5.00,0.35
508,39.49,5.080,0.000,0.441,0.94,3.28,1.34,5.00,0.94
509,39.55,5.090,0.000,0.393,0.92,3.17,1.41,5.00,0.92
510,39.62,5.100,0.000,0.345,0.91,3.02,1.47,1.61,0.91
511,39.68,5.110,0.000,0.297,0.89,2.91,1.53,1.58,0.89
512,39.74,5.120,0.000,0.250,0.88,2.79,1.60,1.55,0.88
513,39.81,5.130,0.000,0.202,0.89,2.63,1.67,1.71,0.89
514,39.87,5.140,0.000,0.153,0.88,2.54,1.75,5.00,0.88
515,39.94,5.150,0.000,0.105,0.87,2.42,1.86,3.09,0.87
516,40.00,5.160,0.000,0.056,0.87,2.30,1.95,3.08,0.87
517,40.06,5.170,0.000,0.007,0.87,2.17,2.04,5.00,0.87
518,40.13,5.180,0.000,-0.041,0.86,0.33,2.15,5.00,0.33
519,40.19,5.190,0.000,-0.088,0.86,0.18,2.27,5.00,0.18
520,40.26,5.200,0.000,-0.136,0.86,0.13,2.38,5.00,0.13
521,40.32,5.210,0.000,-0.183,0.86,0.12,2.49,5.00,0.12
522,40.38,5.220,0.000,-0.231,0.88,0.14,2.60,5.00,0.14
523,40.45,5.230,0.000,-0.278,0.88,0.13,2.74,2.49,0.13
524,40.51,5.240,0.000,-0.326,0.90,0.14,2.84,2.27,0.14
525,40.58,5.250,0.000,-0.373,0.90,0.13,2.99,2.32,0.13
526,40.64,5.260,0.000,-0.421,0.92,0.14,3.09,2.38,0.14
527,40.70,5.270,0.000,-0.468,0.92,0.14,3.21,5.00,0.14
528,40.77,5.280,0.000,-0.468,0.92,0.14,3.24,5.00,0.14
529,40.83,5.290,0.000,-0.467,0.92,0.14,3.20,5.00,0.14
530,40.90,5.300,0.000,-0.467,0.92,0.14,3.25,5.00,0.14
531,40.96,5.310,0.000,-0.467,0.93,0.15,3.21,5.00,0.15
532,41.02,5.320,0.000,-0.467,0.93,0.15,3.21,5.00,0.15
533,41.09,5.330,0.000,-0.467,0.92,0.14,3.25,5.00,0.14
534,41.15,5.340,0.000,-0.467,0.92,0.14,3.20,5.00,0.14
535,41.22,5.350,0.000,-0.467,0.92,0.14,3.24,5.00,0.14
536,41.28,5.360,0.000,-0.467,0.92,0.14,3.24,5.00,0.14
537,41.34,5.370,0.000,-0.467,0.92,0.15,3.21,5.00,0.15
538,41.41,5.380,0.000,-0.467,0.92,0.14,3.20,5.00,0.14
539,41.47,5.390,0.000,-0.467,0.92,0.14,3.20,5.00,0.14
540,41.54,5.400,0.000,-0.467,0.92,0.15,3.25,5.00,0.15
541,41.60,5.410,0.000,-0.467,0.92,0.14,3.25,5.00,0.14
542,41.66,5.420,0.000,-0.467,0.93,0.15,3.22,5.00,0.15
543,41.73,5.430,0.000,-0.467,0.91,0.13,3.24,5.00,0.13
544,41.79,5.440,0.000,-0.467,0.91,0.13,3.23,5.00,0.13
545,41.86,5.450,0.000,-0.467,0.93,0.16,3.22,5.00,0.16
546,41.92,5.460,0.000,-0.467,0.92,0.14,3.24,5.00,0.14
547,41.98,5.470,0.000,-0.467,0.92,0.15,3.21,5.00,0.15
548,42.05,5.480,0.000,-0.467,0.92,0.15,3.21,5.00,0.15
549,42.11,5.490,0.000,-0.467,0.92,0.15,3.21,5.00,0.15
550,42.18,5.500,0.000,-0.467,0.91,0.13,3.24,5.00,0.13
551,42.24,5.510,0.000,-0.467,0.91,0.13,3.24,5.00,0.13
552,42.30,5.520,0.000,-0.467,0.92,0.14,3.25,5.00,0.14
553,42.37,5.530,0.000,-0.467,0.92,0.14,3.25,5.00,0.14
554,42.43,5.540,0.000,-0.467,0.92,0.14,3.24,5.00,0.14
555,42.50,5.550,0.000,-0.467,0.92,0.14,3.24,5.00,0.14
556,42.56,5.560,0.000,-0.467,0.92,0.14,3.20,5.00,0.14
557,42.62,5.570,0.000,-0.467,0.92,0.14,3.24,5.00,0.14
558,42.69,5.580,0.000,-0.467,0.93,0.16,3.22,5.00,0.16
559,42.75,5.590,0.000,-0.467,0.93,0.16,3.22,5.00,0.16
560,42.82,5.600,0.000,-0.467,0.93,0.15,3.25,5.00,0.15
561,42.88,5.610,0.000,-0.467,0.93,0.15,3.25,5.00,0.15
562,42.94,5.620,0.000,-0.467,0.92,0.14,3.20,5.00,0.14
563,43.01,5.630,0.000,-0.467,0.91,0.13,3.24,5.00,0.13
564,43.07,5.640,0.000,-0.467,0.92,0.15,3.21,5.00,0.15
565,43.14,5.650,0.000,-0.467,0.93,0.16,3.22,5.00,0.16
566,43.20,5.660,0.000,-0.467,0.92,0.15,3.21,5.00,0.15
567,43.26,5.670,0.000,-0.467,0.92,0.15,3.21,5.00,0.15
568,43.33,5.680,0.000,-0.467,0.92,0.14,3.24,5.00,0.14
569,43.39,5.690,0.000,-0.467,0.92,0.14,3.20,5.00,0.14
570,43.46,5.700,0.000,-0.467,0.93,0.15,3.21,5.00,0.15
571,43.52,5.710,0.000,-0.467,0.92,0.15,3.21,5.00,0.15
572,43.58,5.720,0.000,-0.467,0.92,0.14,3.20,5.00,0.14
573,43.65,5.730,0.000,-0.467,0.92,0.15,3.21,5.00,0.15
574,43.71,5.740,0.000,-0.467,0.92,0.14,3.24,5.00,0.14
575,43.78,5.750,0.000,-0.467,0.92,0.15,3.25,5.00,0.15
576,43.84,5.760,0.000,-0.467,0.92,0.14,3.25,5.00,0.14
577,43.90,5.770,0.000,-0.467,0.91,0.13,3.23,5.00,0.13
578,43.97,5.780,0.000,-0.467,0.93,0.16,3.22,5.00,0.16
579,44.03,5.790,0.000,-0.467,0.92,0.15,3.25,5.00,0.15
580,44.10,5.800,0.000,-0.467,0.91,0.14,3.24,5.00,0.14
581,44.16,5.810,0.000,-0.467,0.91,0.13,3.24,5.00,0.13
582,44.22,5.820,0.000,-0.467,0.91,0.14,3.20,5.00,0.14
583,44.29,5.830,0.000,-0.467,0.92,0.15,3.25,5.00,0.15
584,44.35,5.840,0.000,-0.467,0.92,0.15,3.21,5.00,0.15
585,44.42,5.850,0.000,-0.467,0.92,0.15,3.21,5.00,0.15
586,44.48,5.860,0.000,-0.467,0.92,0.14,3.20,5.00,0.14
587,44.54,5.870,0.000,-0.467,0.92,0.14,3.25,5.00,0.14
588,44.61,5.880,0.000,-0.467,0.92,0.14,3.24,5.00,0.14
589,44.67,5.890,0.000,-0.467,0.92,0.14,3.25,5.00,0.14
590,44.74,5.900,0.000,-0.467,0.92,0.14,3.24,5.00,0.14
591,44.80,5.910,0.000,-0.467,0.92,0.14,3.25,5.00,0.14
592,44.86,5.920,0.000,-0.467,0.93,0.15,3.22,5.00,0.15
593,44.93,5.930,0.000,-0.467,0.92,0.14,3.24,5.00,0.14
594,44.99,5.940,0.000,-0.467,0.92,0.15,3.21,5.00,0.15
595,45.06,5.950,0.000,-0.467,0.92,0.14,3.24,5.00,0.14
596,45.12,5.960,0.000,-0.467,0.92,0.14,3.24,5.00,0.14
597,45.18,5.970,0.000,-0.467,0.92,0.15,3.21,5.00,0.15
598,45.25,5.980,0.000,-0.467,0.93,0.15,3.25,5.00,0.15
599,45.31,5.990,0.000,-0.467,0.92,0.14,3.20,5.00,0.14
600,45.38,6.000,0.000,-0.467,0.92,0.15,3.21,5.00,0.15
601,45.44,6.010,0.000,-0.467,0.92,0.14,3.24,5.00,0.14
602,45.50,6.020,0.000,-0.467,0.92,0.14,3.24,5.00,0.14
603,45.57,6.030,0.000,-0.467,0.92,0.14,3.25,5.00,0.14
604,45.63,6.040,0.000,-0.467,0.92,0.15,3.21,5.00,0.15
605,45.70,6.050,0.000,-0.467,0.93,0.15,3.21,5.00,0.15
606,45.76,6.060,0.000,-0.467,0.92,0.14,3.25,5.00,0.14
607,45.82,6.070,0.000,-0.467,0.92,0.14,3.20,5.00,0.14
608,45.89,6.080,0.000,-0.467,0.92,0.14,3.20,5.00,0.14
609,45.95,6.090,0.000,-0.467,0.92,0.14,3.25,5.00,0.14
610,46.02,6.100,0.000,-0.467,0.91,0.14,3.24,5.00,0.14
611,46.08,6.110,0.000,-0.467,0.92,0.14,3.21,5.00,0.14
612,46.14,6.120,0.000,-0.467,0.92,0.15,3.21,5.00,0.15
613,46.21,6.130,0.000,-0.467,0.92,0.15,3.21,5.00,0.15
614,46.27,6.140,0.000,-0.467,0.93,0.15,3.21,5.00,0.15
615,46.34,6.150,0.000,-0.467,0.91,0.14,3.24,5.00,0.14
616,46.40,6.160,0.000,-0.467,0.92,0.14,3.24,5.00,0.14
617,46.46,6.170,0.000,-0.467,0.92,0.14,3.25,5.00,0.14
618,46.53,6.180,0.000,-0.467,0.93,0.15,3.21,5.00,0.15
619,46.59,6.190,0.000,-0.467,0.92,0.14,3.20,5.00,0.14
620,46.66,6.200,0.000,-0.467,0.92,0.14,3.24,5.00,0.14
621,46.72,6.210,0.000,-0.467,0.92,0.14,3.25,5.00,0.14
622,46.78,6.220,0.000,-0.467,0.92,0.14,3.24,5.00,0.14
623,46.85,6.230,0.000,-0.467,0.92,0.14,3.24,5.00,0.14
624,46.91,6.240,0.000,-0.467,0.92,0.14,3.24,5.00,0.14
625,46.98,6.250,0.000,-0.467,0.92,0.14,3.25,5.00,0.14
626,47.04,6.260,0.000,-0.467,0.92,0.14,3.21,5.00,0.14
627,47.10,6.270,0.000,-0.467,0.91,0.14,3.24,5.00,0.14
628,47.17,6.280,0.000,-0.467,0.92,0.14,3.20,5.00,0.14
629,47.23,6.290,0.000,-0.467,0.92,0.14,3.24,5.00,0.14
630,47.30,6.300,0.000,-0.467,0.91,0.14,3.24,5.00,0.14
631,47.36,6.310,0.000,-0.467,0.92,0.15,3.21,5.00,0.15
632,47.42,6.320,0.000,-0.467,0.92,0.15,3.25,5.00,0.15
633,47.49,6.330,0.000,-0.467,0.93,0.15,3.21,5.00,0.15
634,47.55,6.340,0.000,-0.467,0.92,0.15,3.25,5.00,0.15
635,47.62,6.350,0.000,-0.467,0.92,0.15,3.21,5.00,0.15
636,47.68,6.360,0.000,-0.467,0.92,0.14,3.24,5.00,0.14
637,47.74,6.370,0.000,-0.467,0.93,0.15,3.21,5.00,0.15
638,47.81,6.380,0.000,-0.467,0.93,0.15,3.22,5.00,0.15
639,47.87,6.390,0.000,-0.467,0.92,0.14,3.25,5.00,0.14
640,47.94,6.400,0.000,-0.467,0.92,0.14,3.24,5.00,0.14
641,48.00,6.410,0.000,-0.467,0.92,0.14,3.24,5.00,0.14
642,48.06,6.420,0.000,-0.467,0.93,0.15,3.25,5.00,0.15
643,48.13,6.430,0.000,-0.467,0.92,0.14,3.24,5.00,0.14
644,48.19,6.440,0.000,-0.467,0.92,0.14,3.25,5.00,0.14
645,48.26,6.450,0.000,-0.467,0.92,0.14,3.20,5.00,0.14
646,48.32,6.460,0.000,-0.467,0.92,0.14,3.24,5.00,0.14
647,48.38,6.470,0.000,-0.467,0.92,0.14,3.20,5.00,0.14
648,48.45,6.480,0.000,-0.467,0.91,0.13,3.24,5.00,0.13
649,48.51,6.490,0.000,-0.467,0.92,0.14,3.24,5.00,0.14
650,48.58,6.500,0.000,-0.467,0.92,0.14,3.20,5.00,0.14
651,48.64,6.510,0.000,-0.467,0.92,0.15,3.21,5.00,0.15
652,48.70,6.520,0.000,-0.467,0.92,0.14,3.25,5.00,0.14
653,48.77,6.530,0.000,-0.467,0.92,0.14,3.24,5.00,0.14
654,48.83,6.540,0.000,-0.467,0.92,0.15,3.21,5.00,0.15
655,48.90,6.550,0.000,-0.467,0.93,0.15,3.25,5.00,0.15
656,48.96,6.560,0.000,-0.467,0.92,0.14,3.24,5.00,0.14
657,49.02,6.570,0.000,-0.467,0.92,0.14,3.20,5.00,0.14
658,49.09,6.580,0.000,-0.467,0.92,0.14,3.24,5.00,0.14
659,49.15,6.590,0.000,-0.467,0.92,0.14,3.24,5.00,0.14
660,49.22,6.600,0.000,-0.467,0.93,0.15,3.21,5.00,0.15
661,49.28,6.610,0.000,-0.467,0.92,0.14,3.20,5.00,0.14
662,49.34,6.620,0.000,-0.467,0.93,0.15,3.21,5.00,0.15
663,49.41,6.630,0.000,-0.467,0.92,0.14,3.24,5.00,0.14
664,49.47,6.640,0.000,-0.467,0.92,0.14,3.24,5.00,0.14
665,49.54,6.650,0.000,-0.467,0.92,0.14,3.20,5.00,0.14
666,49.60,6.660,0.000,-0.467,0.93,0.15,3.25,5.00,0.15
667,49.66,6.670,0.000,-0.467,0.92,0.14,3.24,5.00,0.14
668,49.73,6.680,0.000,-0.467,0.92,0.15,3.21,5.00,0.15
669,49.79,6.690,0.000,-0.467,0.92,0.15,3.21,5.00,0.15
670,49.86,6.700,0.000,-0.467,0.91,0.13,3.23,5.00,0.13
671,49.92,6.710,0.000,-0.467,0.92,0.15,3.21,5.00,0.15
672,49.98,6.720,0.000,-0.467,0.92,0.15,3.21,5.00,0.15
673,50.05,6.730,0.000,-0.467,0.94,0.16,3.22,5.00,0.16
674,50.11,6.740,0.000,-0.467,0.94,0.16,3.22,5.00,0.16
675,50.18,6.750,0.000,-0.467,0.91,0.13,3.24,5.00,0.13
676,50.24,6.760,0.000,-0.467,0.93,0.15,3.21,5.00,0.15
677,50.30,6.770,0.000,-0.467,0.92,0.14,3.25,5.00,0.14
678,50.37,6.780,0.000,-0.467,0.92,0.15,3.25,5.00,0.15
679,50.43,6.790,0.000,-0.467,0.93,0.15,3.21,5.00,0.15
680,50.50,6.800,0.000,-0.467,0.92,0.15,3.21,5.00,0.15
681,50.56,6.810,0.000,-0.467,0.92,0.14,3.25,5.00,0.14
682,50.62,6.820,0.000,-0.467,0.92,0.14,3.24,5.00,0.14
683,50.69,6.830,0.000,-0.467,0.92,0.14,3.21,5.00,0.14
684,50.75,6.840,0.000,-0.467,0.92,0.14,3.25,5.00,0.14
685,50.82,6.850,0.000,-0.467,0.92,0.14,3.24,5.00,0.14
686,50.88,6.860,0.000,-0.467,0.92,0.14,3.24,5.00,0.14
687,50.94,6.870,0.000,-0.467,0.91,0.14,3.24,5.00,0.14
688,51.01,6.880,0.000,-0.467,0.93,0.15,3.21,5.00,0.15
689,51.07,6.890,0.000,-0.467,0.91,0.13,3.24,5.00,0.13
690,51.14,6.900,0.000,-0.467,0.92,0.14,3.24,5.00,0.14
691,51.20,6.910,0.000,-0.467,0.92,0.15,3.25,5.00,0.15
692,51.26,6.920,0.000,-0.467,0.93,0.15,3.21,5.00,0.15
693,51.33,6.930,0.000,-0.467,0.92,0.14,3.24,5.00,0.14
694,51.39,6.940,0.000,-0.467,0.92,0.14,3.25,5.00,0.14
695,51.46,6.950,0.000,-0.467,0.92,0.14,3.24,5.00,0.14
696,51.52,6.960,0.000,-0.467,0.92,0.14,3.25,5.00,0.14
697,51.58,6.970,0.000,-0.467,0.92,0.15,3.21,5.00,0.15
698,51.65,6.980,0.000,-0.467,0.93,0.15,3.25,5.00,0.15
699,51.71,6.990,0.000,-0.467,0.92,0.14,3.24,5.00,0.14
700,51.78,7.000,0.000,-0.467,0.93,0.15,3.21,5.00,0.15
701,51.84,7.010,0.000,-0.467,0.92,0.14,3.20,5.00,0.14
702,51.90,7.020,0.000,-0.467,0.93,0.14,3.25,5.00,0.14
703,51.97,7.030,0.000,-0.467,0.93,0.14,3.25,5.00,0.14
704,52.03,7.040,0.000,-0.467,0.93,0.13,3.26,5.00,0.13
705,52.10,7.050,0.000,-0.467,0.93,0.13,3.25,5.00,0.13
706,52.16,7.060,0.000,-0.467,0.94,0.13,3.26,5.00,0.13
707,52.22,7.070,0.000,-0.467,0.95,0.13,3.27,5.00,0.13
708,52.29,7.080,0.000,-0.467,0.96,0.14,3.24,5.00,0.14
709,52.35,7.090,0.000,-0.467,0.96,0.13,3.24,5.00,0.13
710,52.42,7.100,0.000,-0.467,0.96,0.13,3.24,5.00,0.13
711,52.48,7.110,0.000,-0.467,0.97,0.13,3.24,5.00,0.13
712,52.54,7.120,0.000,-0.467,0.98,0.13,3.26,5.00,0.13
713,52.61,7.130,0.000,-0.467,0.97,5.00,3.25,5.00,0.97
714,52.67,7.140,0.000,-0.467,0.97,5.00,3.29,5.00,0.97
715,52.74,7.150,0.000,-0.467,0.98,0.13,3.26,5.00,0.13
716,52.80,7.160,0.000,-0.467,0.98,0.13,3.29,5.00,0.13
717,52.86,7.170,0.000,-0.467,0.99,0.14,3.30,5.00,0.14
718,52.93,7.180,0.000,-0.467,0.99,0.15,3.30,5.00,0.15
719,52.99,7.190,0.000,-0.467,1.00,0.17,3.30,5.00,0.17
720,53.06,7.200,0.000,-0.467,0.99,0.16,3.30,5.00,0.16
721,53.12,7.210,0.000,-0.467,1.00,0.18,3.27,5.00,0.18
722,53.18,7.220,0.000,-0.467,1.01,0.19,3.31,5.00,0.19
723,53.25,7.230,0.000,-0.467,1.01,0.20,3.32,5.00,0.20
724,53.31,7.240,0.000,-0.467,1.02,0.20,3.29,5.00,0.20
725,53.38,7.250,0.000,-0.467,1.02,0.21,3.29,5.00,0.21
726,53.44,7.260,0.000,-0.467,1.02,0.21,3.32,5.00,0.21
727,53.50,7.270,0.000,-0.467,1.03,0.23,3.33,5.00,0.23
728,53.57,7.280,0.000,-0.467,1.03,0.24,3.33,5.00,0.24
729,53.63,7.290,0.000,-0.467,1.05,0.25,3.30,5.00,0.25
730,53.70,7.300,0.000,-0.467,1.05,0.25,3.31,5.00,0.25
731,53.76,7.310,0.000,-0.467,1.05,0.26,3.31,5.00,0.26
732,53.82,7.320,0.000,-0.467,1.06,0.27,3.35,5.00,0.27
733,53.89,7.330,0.000,-0.467,1.06,0.28,3.32,5.00,0.28
734,53.95,7.340,0.000,-0.467,1.06,0.28,3.36,5.00,0.28
735,54.02,7.350,0.000,-0.467,1.07,0.29,3.32,5.00,0.29
736,54.08,7.360,0.000,-0.467,1.08,0.31,3.33,5.00,0.31
737,54.14,7.370,0.000,-0.467,1.08,0.32,3.37,5.00,0.32
738,54.21,7.380,0.000,-0.467,1.08,0.32,3.37,5.00,0.32
739,54.27,7.390,0.000,-0.419,1.06,0.35,3.21,2.23,0.35
740,54.34,7.400,0.000,-0.372,1.06,1.61,3.10,2.17,1.06
741,54.40,7.410,0.000,-0.324,1.04,1.66,2.97,2.12,1.04
742,54.46,7.420,0.000,-0.276,1.03,1.74,2.90,2.27,1.03
743,54.53,7.430,0.000,-0.229,1.02,1.82,2.78,5.00,1.02
744,54.59,7.440,0.000,-0.181,1.01,1.88,2.64,5.00,1.01
745,54.66,7.450,0.000,-0.133,1.00,1.98,2.56,5.00,1.00
746,54.72,7.460,0.000,-0.086,1.01,2.04,2.42,5.00,1.01
747,54.78,7.470,0.000,-0.038,1.00,2.14,2.35,5.00,1.00
748,54.85,7.480,0.000,0.009,1.01,2.23,2.22,5.00,1.01
749,54.91,7.490,0.000,0.057,1.01,2.36,2.16,5.00,1.01
750,54.98,7.500,0.000,0.104,1.00,2.45,2.06,2.95,1.00
751,55.04,7.510,0.000,0.152,1.00,2.56,1.97,2.97,1.00
752,55.10,7.520,0.000,0.199,0.46,2.65,1.88,5.00,0.46
753,55.17,7.530,0.000,0.247,0.36,2.75,1.79,1.68,0.36
754,55.23,7.540,0.000,0.294,0.29,2.86,1.73,1.44,0.29
755,55.30,7.550,0.000,0.342,0.25,3.00,1.66,1.45,0.25
756,55.36,7.560,0.000,0.389,0.23,3.13,1.61,1.48,0.23
757,55.42,7.570,0.000,0.437,0.21,3.26,1.54,1.52,0.21
758,55.49,7.580,0.000,0.485,0.20,1.32,1.50,5.00,0.20
759,55.55,7.590,0.000,0.532,0.18,1.21,1.44,3.39,0.18
760,55.62,7.600,0.000,0.580,0.17,1.13,1.39,5.00,0.17
761,55.68,7.610,0.000,0.627,0.17,1.16,1.35,2.40,0.17
762,55.74,7.620,0.000,0.675,0.18,1.22,1.31,2.34,0.18
763,55.81,7.630,0.000,0.722,0.19,1.26,1.26,2.42,0.19
764,55.87,7.640,0.000,0.770,0.20,5.00,1.23,5.00,0.20
765,55.94,7.650,0.000,0.817,0.19,5.00,1.19,5.00,0.19
766,56.00,7.660,0.000,0.865,0.21,5.00,1.16,5.00,0.21
767,56.06,7.670,0.000,0.913,0.23,5.00,1.15,5.00,0.23
768,56.13,7.680,0.000,0.960,0.24,5.00,1.12,5.00,0.24
769,56.19,7.690,0.000,1.008,0.25,5.00,1.10,5.00,0.25
770,56.26,7.700,0.000,1.056,0.27,5.00,1.08,3.40,0.27
771,56.32,7.710,0.000,1.103,0.28,5.00,1.05,3.31,0.28
772,56.38,7.720,0.000,1.151,0.32,2.24,1.04,3.19,0.32
773,56.45,7.730,0.000,1.199,0.36,2.19,1.03,3.08,0.36
774,56.51,7.740,0.000,1.247,0.39,2.16,1.03,2.93,0.39
775,56.58,7.750,0.000,1.294,1.73,2.42,1.01,2.85,1.01
776,56.64,7.760,0.000,1.342,1.81,5.00,1.00,2.70,1.00
777,56.70,7.770,0.000,1.390,1.91,5.00,0.98,2.61,0.98
778,56.77,7.780,0.000,1.439,1.97,5.00,0.98,2.46,0.98
779,56.83,7.790,0.000,1.487,2.08,5.00,0.98,2.36,0.98
780,56.90,7.800,0.000,1.536,2.17,5.00,0.97,2.28,0.97
781,56.96,7.810,0.000,1.587,2.27,5.00,0.97,2.17,0.97
782,57.02,7.820,0.000,1.635,2.39,2.99,0.98,2.07,0.98
783,57.09,7.830,0.000,1.682,2.48,2.99,0.97,1.98,0.97
784,57.15,7.840,0.000,1.730,2.55,5.00,0.98,1.88,0.98
785,57.22,7.850,0.000,1.777,2.67,5.00,0.98,1.81,0.98
786,57.28,7.860,0.000,1.825,2.78,1.48,0.99,1.73,0.99
787,57.34,7.870,0.000,1.872,2.89,1.48,0.36,1.66,0.36
788,57.41,7.880,0.000,1.920,3.01,1.51,0.32,1.61,0.32
789,57.47,7.890,0.000,1.967,3.16,1.53,0.27,1.54,0.27
790,57.54,7.900,0.000,2.015,3.27,5.00,0.24,1.48,0.24
791,57.60,7.910,0.000,2.062,1.39,5.00,0.21,1.42,0.21
792,57.66,7.920,0.000,2.062,1.41,5.00,0.23,1.43,0.23
793,57.73,7.930,0.000,2.062,1.42,5.00,0.24,1.43,0.24
794,57.79,7.940,0.000,2.061,1.41,5.00,0.24,1.43,0.24
795,57.86,7.950,0.000,2.061,1.41,5.00,0.22,1.41,0.22
796,57.92,7.960,0.000,2.061,1.41,5.00,0.23,1.43,0.23
797,57.98,7.970,0.000,2.061,1.41,5.00,0.24,1.42,0.24
798,58.05,7.980,0.000,2.061,1.41,5.00,0.23,1.42,0.23
799,58.11,7.990,0.000,2.061,1.41,5.00,0.23,1.43,0.23
800,58.18,8.000,0.000,2.061,1.41,5.00,0.22,1.43,0.22
801,58.24,8.010,0.000,2.061,1.41,5.00,0.22,1.43,0.22
802,58.30,8.020,0.000,2.061,1.40,5.00,0.21,1.43,0.21
803,58.37,8.030,0.000,2.061,1.39,5.00,0.20,1.45,0.20
804,58.43,8.040,0.000,2.061,1.39,5.00,0.18,1.44,0.18
805,58.50,8.050,0.000,2.061,1.37,5.00,0.17,1.46,0.17
806,58.56,8.060,0.000,2.061,1.37,5.00,0.15,1.47,0.15
807,58.62,8.070,0.000,2.061,1.36,5.00,0.14,1.47,0.14
808,58.69,8.080,0.000,2.061,1.35,5.00,0.14,1.47,0.14
809,58.75,8.090,0.000,2.061,1.35,5.00,0.14,1.49,0.14
810,58.82,8.100,0.000,2.061,1.33,5.00,0.15,1.49,0.15
811,58.88,8.110,0.000,2.061,1.33,5.00,0.15,1.50,0.15
812,58.94,8.120,0.000,2.061,1.34,5.00,0.16,1.50,0.16
813,59.01,8.130,0.000,2.061,1.33,1.57,0.16,1.52,0.16
814,59.07,8.140,0.000,2.061,1.31,1.56,0.16,1.52,0.16
815,59.14,8.150,0.000,2.061,1.31,1.57,0.17,1.53,0.17
816,59.20,8.160,0.000,2.061,1.31,1.56,0.17,1.52,0.17
817,59.26,8.170,0.000,2.061,1.30,1.54,0.17,1.53,0.17
818,59.33,8.180,0.000,2.061,1.29,1.55,0.18,1.55,0.18
819,59.39,8.190,0.000,2.061,1.29,1.54,0.18,1.54,0.18
820,59.46,8.200,0.000,2.061,1.28,1.53,0.18,1.54,0.18
821,59.52,8.210,0.000,2.061,1.27,1.54,0.18,1.56,0.18
822,59.58,8.220,0.000,2.061,1.27,1.55,0.20,1.58,0.20
823,59.65,8.230,0.000,2.061,1.26,1.53,0.20,1.56,0.20
824,59.71,8.240,0.000,2.061,1.26,1.53,0.20,1.57,0.20
825,59.78,8.250,0.000,2.061,1.26,1.53,0.21,1.59,0.21
826,59.84,8.260,0.000,2.061,1.23,1.51,0.20,1.58,0.20
827,59.90,8.270,0.000,2.061,1.24,1.52,0.22,1.59,0.22
828,59.97,8.280,0.000,2.061,1.22,1.52,0.21,1.60,0.21
829,60.03,8.290,0.000,2.061,1.21,1.51,0.21,1.61,0.21
830,60.10,8.300,0.000,2.061,1.22,1.50,0.22,1.61,0.22
831,60.16,8.310,0.000,2.061,1.18,1.49,0.21,1.61,0.21
832,60.22,8.320,0.000,2.061,1.16,1.50,0.23,1.62,0.23
833,60.29,8.330,0.000,2.061,1.16,1.50,0.24,1.64,0.24
834,60.35,8.340,0.000,2.061,1.18,1.50,0.23,1.65,0.23
835,60.42,8.350,0.000,2.061,1.14,1.49,0.24,1.64,0.24
836,60.48,8.360,0.000,2.061,1.16,1.49,0.23,1.66,0.23
837,60.54,8.370,0.000,2.061,1.13,1.48,0.24,1.65,0.24
838,60.61,8.380,0.000,2.061,1.15,1.48,0.24,1.67,0.24
839,60.67,8.390,0.000,2.061,1.14,1.48,0.24,1.67,0.24
840,60.74,8.400,0.000,2.061,1.14,1.47,0.24,1.68,0.24
841,60.80,8.410,0.000,2.144,0.99,1.56,0.27,1.58,0.27
842,60.86,8.420,0.000,2.144,0.98,1.55,0.26,1.60,0.26
843,60.93,8.430,0.000,2.144,0.97,1.54,0.27,1.60,0.27
844,60.99,8.440,0.000,2.144,0.94,1.52,0.27,1.60,0.27
845,61.06,8.450,0.000,2.144,0.96,1.53,0.27,1.62,0.27
846,61.12,8.460,0.000,2.144,0.93,1.53,0.29,1.61,0.29
847,61.18,8.470,0.000,2.144,0.94,1.53,1.15,1.61,0.94
848,61.25,8.480,0.000,2.144,0.92,1.52,1.16,1.62,0.92
849,61.31,8.490,0.000,2.144,0.91,1.51,1.16,1.63,0.91
850,61.38,8.500,0.000,2.144,0.90,1.48,1.13,1.62,0.90
851,61.44,8.510,0.000,2.144,0.91,1.51,1.17,1.65,0.91
852,61.50,8.520,0.000,2.144,0.91,1.50,1.16,1.66,0.91
853,61.57,8.530,0.000,2.144,0.91,1.50,1.16,1.67,0.91
854,61.63,8.540,0.000,2.144,0.90,1.50,1.16,1.67,0.90
855,61.70,8.550,0.000,2.144,0.87,1.49,1.17,1.67,0.87
856,61.76,8.560,0.000,2.144,0.88,1.49,1.18,1.68,0.88
857,61.82,8.570,0.000,2.144,0.87,1.48,1.18,1.69,0.87
858,61.89,8.580,0.000,2.144,0.87,1.48,1.17,1.68,0.87
859,61.95,8.590,0.000,2.144,0.87,1.48,1.17,1.71,0.87
860,62.02,8.600,0.000,2.144,0.85,1.47,1.18,1.71,0.85
861,62.08,8.610,0.000,2.144,0.85,1.47,1.18,1.72,0.85
862,62.14,8.620,0.000,2.144,0.84,1.46,1.19,1.72,0.84
863,62.21,8.630,0.000,2.144,0.84,1.46,1.18,1.73,0.84
864,62.27,8.640,0.000,2.144,0.82,1.45,1.18,1.73,0.82
865,62.34,8.650,0.000,2.144,0.83,1.46,1.19,1.75,0.83
866,62.40,8.660,0.000,2.144,0.80,1.44,1.19,1.74,0.80
867,62.46,8.670,0.000,2.144,0.80,1.44,1.19,1.75,0.80
868,62.53,8.680,0.000,2.144,0.80,1.43,1.19,1.76,0.80
869,62.59,8.690,0.000,2.144,0.80,1.44,1.19,1.77,0.80
870,62.66,8.700,0.000,2.144,0.79,1.43,1.19,1.77,0.79
871,62.72,8.710,0.000,2.144,0.79,1.42,1.19,1.78,0.79
872,62.78,8.720,0.000,2.144,0.78,1.42,1.20,1.78,0.78
873,62.85,8.730,0.000,2.144,0.76,1.41,1.20,1.79,0.76
874,62.91,8.740,0.000,2.144,0.76,1.41,1.20,1.80,0.76
875,62.98,8.750,0.000,2.144,0.74,1.42,1.19,1.79,0.74
876,63.04,8.760,0.000,2.144,0.74,1.44,1.20,1.80,0.74
877,63.10,8.770,0.000,2.144,0.73,1.45,1.20,1.80,0.73
878,63.17,8.780,0.000,2.144,0.74,1.47,1.20,1.83,0.74
879,63.23,8.790,0.000,2.144,0.73,1.45,1.21,1.83,0.73
880,63.30,8.800,0.000,2.144,0.73,1.49,1.21,1.83,0.73
881,63.36,8.810,0.000,2.144,0.71,1.46,1.21,1.83,0.71
882,63.42,8.820,0.000,2.144,0.71,1.48,1.21,1.85,0.71
883,63.49,8.830,0.000,2.144,0.71,1.52,1.21,1.86,0.71
884,63.55,8.840,0.000,2.144,0.69,1.50,1.22,1.86,0.69
885,63.62,8.850,0.000,2.144,0.69,1.54,1.22,1.87,0.69
886,63.68,8.860,0.000,2.144,0.68,1.52,1.22,1.87,0.68
887,63.74,8.870,0.000,2.144,0.68,1.56,1.22,1.87,0.68
888,63.81,8.880,0.000,2.144,0.67,1.57,1.22,1.89,0.67
889,63.87,8.890,0.000,2.144,0.66,1.54,1.23,1.88,0.66
890,63.94,8.900,0.000,2.144,0.67,1.60,1.23,1.89,0.67
891,64.00,8.910,0.000,2.144,0.65,1.60,1.23,1.91,0.65
892,64.06,8.920,0.000,2.144,0.64,1.60,1.22,1.91,0.64
893,64.13,8.930,0.000,2.144,0.63,1.61,1.21,1.91,0.63
894,64.19,8.940,0.000,2.144,0.63,1.60,1.23,1.92,0.63
895,64.26,8.950,0.000,2.144,0.62,1.65,1.24,1.93,0.62
896,64.32,8.960,0.000,2.144,0.62,1.65,1.23,1.94,0.62
897,64.38,8.970,0.000,2.144,0.62,1.66,1.23,1.95,0.62
898,64.45,8.980,0.000,2.144,0.60,1.69,1.24,1.95,0.60
899,64.51,8.990,0.000,2.144,0.61,1.69,1.24,1.95,0.61
900,64.58,9.000,0.000,2.144,0.58,5.00,1.24,1.95,0.58
901,64.64,9.010,0.000,2.144,0.59,5.00,1.24,1.98,0.59
902,64.70,9.020,0.000,2.144,0.58,5.00,1.24,1.99,0.58
903,64.77,9.030,0.000,2.144,0.57,5.00,1.25,1.98,0.57
904,64.83,9.040,0.000,2.144,0.57,5.00,1.25,1.99,0.57
905,64.90,9.050,0.000,2.144,0.56,5.00,1.24,2.00,0.56
906,64.96,9.060,0.000,2.144,0.55,5.00,1.24,1.99,0.55
907,65.02,9.070,0.000,2.144,0.55,5.00,1.25,2.02,0.55
908,65.09,9.080,0.000,2.144,0.54,5.00,1.25,2.02,0.54
909,65.15,9.090,0.000,2.144,0.53,5.00,1.25,2.01,0.53
910,65.22,9.100,0.000,2.144,0.53,5.00,1.25,2.03,0.53
911,65.28,9.110,0.000,2.144,0.52,5.00,1.26,2.03,0.52
912,65.34,9.120,0.000,2.144,0.51,5.00,1.25,2.04,0.51
913,65.41,9.130,0.000,2.144,0.50,5.00,1.24,2.05,0.50
914,65.47,9.140,0.000,2.144,0.50,5.00,1.25,2.06,0.50
915,65.54,9.150,0.000,2.144,0.49,5.00,1.25,2.06,0.49
916,65.60,9.160,0.000,2.144,0.49,5.00,1.25,2.08,0.49
917,65.66,9.170,0.000,2.144,0.49,5.00,1.25,2.08,0.49
918,65.73,9.180,0.000,2.144,0.48,5.00,1.25,2.09,0.48
919,65.79,9.190,0.000,2.144,0.46,5.00,1.24,2.08,0.46
920,65.86,9.200,0.000,2.144,0.46,5.00,1.26,2.08,0.46
921,65.92,9.210,0.000,2.144,0.46,5.00,1.25,2.11,0.46
922,65.98,9.220,0.000,2.144,0.44,5.00,1.26,2.09,0.44
923,66.05,9.230,0.000,2.144,0.44,5.00,1.25,2.12,0.44
924,66.11,9.240,0.000,2.144,0.43,5.00,1.26,2.11,0.43
925,66.18,9.250,0.000,2.144,0.42,5.00,1.26,2.11,0.42
926,66.24,9.260,0.000,2.144,0.42,5.00,1.26,2.12,0.42
927,66.30,9.270,0.000,2.144,0.42,5.00,1.27,2.14,0.42
928,66.37,9.280,0.000,2.144,0.41,5.00,1.27,2.14,0.41
929,66.43,9.290,0.000,2.144,0.40,5.00,1.25,2.15,0.40
930,66.50,9.300,0.000,2.144,0.39,5.00,1.26,2.14,0.39
931,66.56,9.310,0.000,2.061,0.44,5.00,1.24,2.26,0.44
932,66.62,9.320,0.000,2.061,0.45,5.00,1.26,2.30,0.45
933,66.69,9.330,0.000,2.061,0.43,5.00,1.26,2.28,0.43
934,66.75,9.340,0.000,2.061,0.42,5.00,1.24,2.30,0.42
935,66.82,9.350,0.000,2.061,0.43,5.00,1.26,2.32,0.43
936,66.88,9.360,0.000,2.061,0.41,5.00,1.26,2.30,0.41
937,66.94,9.370,0.000,2.061,0.40,5.00,1.24,2.32,0.40
938,67.01,9.380,0.000,2.061,0.41,5.00,1.26,2.34,0.41
939,67.07,9.390,0.000,2.061,0.40,5.00,1.25,2.34,0.40
940,67.14,9.400,0.000,2.061,0.39,5.00,1.26,2.33,0.39
941,67.20,9.410,0.000,2.061,0.38,5.00,1.25,2.34,0.38
942,67.26,9.420,0.000,2.061,0.37,5.00,1.26,2.34,0.37
943,67.33,9.430,0.000,2.061,0.38,5.00,1.26,2.37,0.38
944,67.39,9.440,0.000,2.061,0.37,5.00,1.26,2.37,0.37
945,67.46,9.450,0.000,2.062,0.36,5.00,1.27,2.36,0.36
946,67.52,9.460,0.000,2.062,0.36,5.00,1.26,2.39,0.36
947,67.58,9.470,0.000,2.062,0.36,5.00,1.28,2.39,0.36
948,67.65,9.480,0.000,2.062,0.33,5.00,1.25,2.39,0.33
949,67.71,9.490,0.000,2.062,0.33,5.00,1.26,2.38,0.33
950,67.78,9.500,0.000,2.062,0.33,5.00,1.27,2.40,0.33
951,67.84,9.510,0.000,2.062,0.32,5.00,1.26,2.42,0.32
952,67.90,9.520,0.000,2.062,0.32,5.00,1.27,2.43,0.32
953,67.97,9.530,0.000,2.062,0.31,5.00,1.26,2.44,0.31
954,68.03,9.540,0.000,2.062,0.30,5.00,1.25,2.43,0.30
955,68.10,9.550,0.000,2.062,0.30,5.00,1.26,2.44,0.30
956,68.16,9.560,0.000,2.062,0.29,5.00,1.26,2.44,0.29
957,68.22,9.570,0.000,2.062,0.30,5.00,1.27,2.43,0.30
958,68.29,9.580,0.000,2.062,0.28,5.00,1.26,2.44,0.28
959,68.35,9.590,0.000,2.062,0.29,5.00,1.26,2.45,0.29
960,68.42,9.600,0.000,2.062,0.29,5.00,1.27,2.43,0.29
961,68.48,9.610,0.000,2.062,0.29,5.00,1.26,2.46,0.29
962,68.54,9.620,0.000,2.062,0.28,5.00,1.26,2.44,0.28
963,68.61,9.630,0.000,2.062,0.28,5.00,1.26,2.46,0.28
964,68.67,9.640,0.000,2.062,0.28,5.00,1.26,2.46,0.28
965,68.74,9.650,0.000,2.062,0.28,5.00,1.27,2.44,0.28
966,68.80,9.660,0.000,2.062,0.27,5.00,1.26,2.46,0.27
967,68.86,9.670,0.000,2.062,0.27,5.00,1.26,2.47,0.27
968,68.93,9.680,0.000,2.062,0.27,5.00,1.27,2.45,0.27
969,68.99,9.690,0.000,2.062,0.27,5.00,1.26,2.47,0.27
970,69.06,9.700,0.000,2.062,0.27,5.00,1.26,2.47,0.27
971,69.12,9.710,0.000,2.062,0.27,5.00,1.27,2.48,0.27
972,69.18,9.720,0.000,2.062,0.26,5.00,1.26,2.48,0.26
973,69.25,9.730,0.000,2.062,0.26,5.00,1.27,2.46,0.26
974,69.31,9.740,0.000,2.062,0.26,5.00,1.27,2.46,0.26
975,69.38,9.750,0.000,2.062,0.25,5.00,1.26,2.45,0.25
976,69.44,9.760,0.000,2.062,0.25,5.00,1.27,2.46,0.25
977,69.50,9.770,0.000,2.062,0.25,5.00,1.27,2.47,0.25
978,69.57,9.780,0.000,2.062,0.25,2.80,1.27,2.47,0.25
979,69.63,9.790,0.000,2.062,0.25,2.79,1.26,2.49,0.25
980,69.70,9.800,0.000,2.062,0.25,2.79,1.26,2.50,0.25
981,69.76,9.810,0.000,2.062,0.24,2.79,1.26,2.50,0.24
982,69.82,9.820,0.000,2.062,0.23,2.78,1.26,2.49,0.23
983,69.89,9.830,0.000,2.062,0.24,2.79,1.26,2.50,0.24
984,69.95,9.840,0.000,2.062,0.24,2.79,1.26,2.50,0.24
985,70.02,9.850,0.000,2.062,0.23,2.79,1.27,2.48,0.23
986,70.08,9.860,0.000,2.062,0.23,2.78,1.26,2.51,0.23
987,70.14,9.870,0.000,2.062,0.22,2.79,1.26,2.51,0.22
988,70.21,9.880,0.000,2.062,0.23,2.80,1.27,2.50,0.23
989,70.27,9.890,0.000,2.062,0.22,2.78,1.27,2.53,0.22
990,70.34,9.900,0.000,2.062,0.23,2.79,1.26,2.52,0.23
991,70.40,9.910,0.000,1.979,0.26,2.66,1.28,2.65,0.26
992,70.46,9.920,0.000,1.979,0.26,2.66,1.28,2.66,0.26
993,70.53,9.930,0.000,1.979,0.26,2.65,1.28,2.68,0.26
994,70.59,9.940,0.000,1.979,0.26,2.65,1.27,2.68,0.26
995,70.66,9.950,0.000,1.979,0.26,2.65,1.27,2.68,0.26
996,70.72,9.960,0.000,1.979,0.25,2.65,1.27,2.65,0.25
997,70.78,9.970,0.000,1.979,0.25,2.65,1.27,2.69,0.25
998,70.85,9.980,0.000,1.979,0.24,2.65,1.27,2.66,0.24
999,70.91,9.990,0.000,1.979,0.24,2.65,1.27,2.66,0.24
1000,70.98,10.000,0.000,1.979,0.24,2.64,1.27,2.68,0.24
1001,71.04,10.010,0.000,1.979,0.24,2.66,1.28,2.68,0.24
1002,71.10,10.020,0.000,1.979,0.23,2.65,1.27,2.66,0.23
1003,71.17,10.030,0.000,1.979,0.24,2.67,1.28,2.68,0.24
1004,71.23,10.040,0.000,1.979,0.23,2.67,1.27,2.70,0.23
1005,71.30,10.050,0.000,1.979,0.23,2.68,1.28,2.68,0.23
1006,71.36,10.060,0.000,1.979,0.23,2.69,1.27,2.68,0.23
1007,71.42,10.070,0.000,1.979,0.23,2.69,1.27,2.70,0.23
1008,71.49,10.080,0.000,1.979,0.23,2.71,1.28,2.69,0.23
1009,71.55,10.090,0.000,1.979,0.22,2.70,1.26,2.70,0.22
1010,71.62,10.100,0.000,1.979,0.21,2.72,1.27,2.68,0.21
1011,71.68,10.110,0.000,1.979,0.21,2.73,1.27,2.68,0.21
1012,71.74,10.120,0.000,1.979,0.22,2.74,1.27,2.72,0.22
1013,71.81,10.130,0.000,1.979,0.22,2.74,1.27,2.72,0.22
1014,71.87,10.140,0.000,1.979,0.22,2.76,1.28,2.70,0.22
1015,71.94,10.150,0.000,1.979,0.21,2.76,1.27,2.72,0.21
1016,72.00,10.160,0.000,1.979,0.20,2.77,1.27,2.70,0.20
1017,72.06,10.170,0.000,1.979,0.21,2.78,1.27,2.73,0.21
1018,72.13,10.180,0.000,1.979,0.21,2.78,1.27,2.73,0.21
1019,72.19,10.190,0.000,1.996,0.19,2.64,1.26,2.69,0.19
1020,72.26,10.200,0.000,1.996,0.18,2.64,1.26,2.69,0.18
1021,72.32,10.210,0.000,1.959,0.20,2.94,1.27,2.74,0.20
1022,72.38,10.220,0.000,1.970,0.20,2.86,1.28,2.75,0.20
1023,72.45,10.230,0.000,1.982,0.19,2.75,1.27,2.73,0.19
1024,72.51,10.240,0.000,1.993,0.18,2.64,1.27,2.70,0.18
1025,72.58,10.250,0.000,2.005,0.17,2.64,1.26,2.68,0.17
1026,72.64,10.260,0.000,2.017,0.17,2.69,1.27,2.67,0.17
1027,72.70,10.270,0.000,2.028,0.16,2.69,1.26,2.64,0.16
1028,72.77,10.280,0.000,2.040,0.16,2.69,1.27,2.59,0.16
1029,72.83,10.290,0.000,2.052,0.16,2.73,1.26,2.60,0.16
1030,72.90,10.300,0.000,2.064,0.16,2.76,1.27,2.58,0.16
1031,72.96,10.310,0.000,2.076,0.16,2.77,1.27,2.56,0.16
1032,73.02,10.320,0.000,2.087,0.16,2.79,1.26,2.54,0.16
1033,73.09,10.330,0.000,2.099,0.15,5.00,1.26,2.51,0.15
1034,73.15,10.340,0.000,2.111,0.14,5.00,1.25,2.49,0.14
1035,73.22,10.350,0.000,2.123,0.15,5.00,1.26,2.45,0.15
1036,73.28,10.360,0.000,2.135,0.14,5.00,1.26,2.46,0.14
1037,73.34,10.370,0.000,2.146,0.14,5.00,1.25,2.41,0.14
1038,73.41,10.380,0.000,2.158,0.13,5.00,1.24,2.41,0.13
1039,73.47,10.390,0.000,2.170,0.14,5.00,1.25,2.37,0.14
1040,73.54,10.400,0.000,2.181,0.14,5.00,1.25,2.37,0.14
1041,73.60,10.410,0.000,2.193,0.14,5.00,1.25,2.36,0.14
1042,73.66,10.420,0.000,2.205,0.13,5.00,1.25,2.33,0.13
1043,73.73,10.430,0.000,2.218,0.13,5.00,1.25,2.30,0.13
1044,73.79,10.440,0.000,2.231,0.14,5.00,1.26,2.27,0.14
1045,73.86,10.450,0.000,2.244,0.12,5.00,1.25,1.09,0.12
1046,73.92,10.460,0.000,2.256,0.12,5.00,1.25,1.05,0.12
1047,73.98,10.470,0.000,2.269,0.12,5.00,1.25,1.03,0.12
1048,74.05,10.480,0.000,2.281,0.13,5.00,1.26,1.03,0.13
1049,74.11,10.490,0.000,2.282,5.00,5.00,1.24,1.03,1.03
1050,74.18,10.500,0.000,2.282,5.00,5.00,1.24,1.03,1.03
1051,74.24,10.510,0.000,2.282,5.00,5.00,1.24,1.02,1.02
1052,74.30,10.520,0.000,2.282,0.12,5.00,1.25,1.02,0.12
1053,74.37,10.530,0.000,2.282,0.13,5.00,1.26,1.02,0.13
1054,74.43,10.540,0.000,2.282,5.00,5.00,1.25,1.03,1.03
1055,74.50,10.550,0.000,2.282,0.12,5.00,1.25,1.03,0.12
1056,74.56,10.560,0.000,2.282,0.13,5.00,1.26,1.02,0.13
1057,74.62,10.570,0.000,2.282,5.00,5.00,1.24,1.03,1.03
1058,74.69,10.580,0.000,2.282,0.12,5.00,1.25,1.03,0.12
1059,74.75,10.590,0.000,2.282,0.12,5.00,1.25,1.03,0.12
1060,74.82,10.600,0.000,2.282,5.00,5.00,1.24,1.02,1.02
1061,74.88,10.610,0.000,2.282,0.13,5.00,1.25,1.04,0.13
1062,74.94,10.620,0.000,2.282,0.13,5.00,1.25,1.04,0.13
1063,75.01,10.630,0.000,2.282,0.13,5.00,1.25,1.02,0.13
1064,75.07,10.640,0.000,2.282,0.13,5.00,1.25,1.02,0.13
1065,75.14,10.650,0.000,2.282,5.00,5.00,1.24,1.03,1.03
1066,75.20,10.660,0.000,2.282,0.13,5.00,1.26,1.03,0.13
1067,75.26,10.670,0.000,2.282,0.13,5.00,1.26,1.02,0.13
1068,75.33,10.680,0.000,2.282,0.13,5.00,1.26,1.02,0.13
1069,75.39,10.690,0.000,2.282,5.00,5.00,1.25,1.03,1.03
1070,75.46,10.700,0.000,2.282,5.00,5.00,1.25,1.03,1.03
1071,75.52,10.710,0.000,2.282,0.12,5.00,1.25,1.03,0.12
1072,75.58,10.720,0.000,2.282,0.12,5.00,1.25,1.03,0.12
1073,75.65,10.730,0.000,2.330,5.00,5.00,1.26,0.97,0.97
1074,75.71,10.740,0.000,2.378,5.00,5.00,1.26,0.93,0.93
1075,75.78,10.750,0.000,2.425,5.00,5.00,1.26,0.88,0.88
1076,75.84,10.760,0.000,2.473,5.00,1.70,1.29,0.90,0.90
1077,75.90,10.770,0.000,2.521,5.00,1.63,1.29,0.95,0.95
1078,75.97,10.780,0.000,2.568,5.00,1.59,1.31,1.03,1.03
1079,76.03,10.790,0.000,2.616,5.00,1.73,1.32,1.76,1.32
1080,76.10,10.800,0.000,2.616,5.00,1.73,1.32,1.77,1.32
1081,76.16,10.810,0.000,2.568,5.00,1.58,1.30,1.04,1.04
1082,76.22,10.820,0.000,2.520,5.00,1.66,1.29,0.97,0.97
1083,76.29,10.830,0.000,2.472,5.00,1.71,1.29,0.90,0.90
1084,76.35,10.840,0.000,2.424,5.00,5.00,1.27,0.88,0.88
1085,76.42,10.850,0.000,2.373,5.00,5.00,1.27,0.93,0.93
1086,76.48,10.860,0.000,2.320,5.00,5.00,1.26,0.98,0.98
1087,76.54,10.870,0.000,2.268,0.13,5.00,1.25,1.05,0.13
1088,76.61,10.880,0.000,2.255,5.00,5.00,1.24,1.06,1.06
1089,76.67,10.890,0.000,2.204,0.14,5.00,1.25,2.31,0.14
1090,76.74,10.900,0.000,2.191,0.13,5.00,1.25,2.35,0.13
1091,76.80,10.910,0.000,2.166,0.14,5.00,1.25,2.40,0.14
1092,76.86,10.920,0.000,2.140,0.15,5.00,1.26,2.42,0.15
1093,76.93,10.930,0.000,2.115,0.15,5.00,1.26,2.49,0.15
1094,76.99,10.940,0.000,2.089,0.16,2.80,1.27,2.51,0.16
1095,77.06,10.950,0.000,2.063,0.16,2.73,1.26,2.55,0.16
1096,77.12,10.960,0.000,2.036,0.18,2.70,1.27,2.61,0.18
1097,77.18,10.970,0.000,2.010,0.18,2.66,1.27,2.66,0.18
1098,77.25,10.980,0.000,1.983,0.19,2.74,1.28,2.70,0.19
1099,77.31,10.990,0.000,1.956,0.20,2.95,1.27,2.77,0.20
1100,77.38,11.000,0.000,1.929,0.22,5.00,1.30,2.81,0.22
1101,77.44,11.010,0.000,1.902,0.23,5.00,1.29,2.86,0.23
1102,77.50,11.020,0.000,1.875,0.25,5.00,1.29,2.93,0.25
1103,77.57,11.030,0.000,1.847,0.27,5.00,1.32,2.97,0.27
1104,77.63,11.040,0.000,1.819,0.28,5.00,1.32,3.01,0.28
1105,77.70,11.050,0.000,1.792,0.31,5.00,1.33,3.08,0.31
1106,77.76,11.060,0.000,1.764,1.96,5.00,1.34,3.13,1.34
1107,77.82,11.070,0.000,1.735,1.90,1.51,1.35,3.18,1.35
1108,77.89,11.080,0.000,1.707,1.88,1.50,1.35,3.23,1.35
1109,77.95,11.090,0.000,1.679,1.85,1.49,1.35,3.31,1.35
1110,78.02,11.100,0.000,1.650,1.82,1.48,1.37,3.36,1.37
1111,78.08,11.110,0.000,1.621,1.79,1.48,1.38,3.42,1.38
1112,78.14,11.120,0.000,1.593,1.75,1.48,1.40,3.46,1.40
1113,78.21,11.130,0.000,1.568,1.75,1.47,1.41,5.00,1.41
1114,78.27,11.140,0.000,1.544,1.72,1.48,1.43,5.00,1.43
1115,78.34,11.150,0.000,1.519,1.70,2.94,1.44,5.00,1.44
1116,78.40,11.160,0.000,1.495,1.68,2.95,1.45,5.00,1.45
1117,78.46,11.170,0.000,1.467,1.65,2.97,1.47,5.00,1.47
1118,78.53,11.180,0.000,1.440,1.64,5.00,1.49,5.00,1.49
1119,78.59,11.190,0.000,1.412,1.62,5.00,1.49,5.00,1.49
1120,78.66,11.200,0.000,1.384,1.61,5.00,1.52,5.00,1.52
1121,78.72,11.210,0.000,1.356,1.59,0.36,1.54,5.00,0.36
1122,78.78,11.220,0.000,1.328,1.56,0.32,1.55,5.00,0.32
1123,78.85,11.230,0.000,1.300,1.55,0.31,1.58,5.00,0.31
1124,78.91,11.240,0.000,1.272,1.53,0.28,1.59,5.00,0.28
1125,78.98,11.250,0.000,1.272,1.53,0.29,1.60,5.00,0.29
1126,79.04,11.260,0.000,1.272,1.53,0.28,1.60,5.00,0.28
1127,79.10,11.270,0.000,1.310,1.55,0.30,1.57,5.00,0.30
1128,79.17,11.280,0.000,1.310,1.55,0.31,1.57,5.00,0.31
1129,79.23,11.290,0.000,1.347,1.58,0.36,1.54,5.00,0.36
1130,79.30,11.300,0.000,1.385,1.60,5.00,1.51,5.00,1.51
1131,79.36,11.310,0.000,1.422,1.62,5.00,1.49,5.00,1.49
1132,79.42,11.320,0.000,1.459,1.64,2.98,1.46,5.00,1.46
1133,79.49,11.330,0.000,1.496,1.67,2.96,1.44,5.00,1.44
1134,79.55,11.340,0.000,1.533,1.70,2.95,1.42,5.00,1.42
1135,79.62,11.350,0.000,1.570,1.75,1.49,1.41,5.00,1.41
1136,79.68,11.360,0.000,1.612,1.77,1.49,1.38,3.44,1.38
1137,79.74,11.370,0.000,1.651,1.81,1.50,1.37,3.33,1.37
1138,79.81,11.380,0.000,1.690,1.85,1.49,1.35,3.29,1.35
1139,79.87,11.390,0.000,1.728,1.89,1.50,1.33,3.21,1.33
1140,79.94,11.400,0.000,1.765,1.96,5.00,1.34,3.12,1.34
1141,80.00,11.410,0.000,1.803,0.34,5.00,1.32,3.05,0.34
1142,80.06,11.420,0.000,1.840,0.27,5.00,1.31,2.97,0.27
1143,80.13,11.430,0.000,1.852,0.26,5.00,1.31,2.95,0.26
1144,80.19,11.440,0.000,1.864,0.26,5.00,1.29,2.95,0.26
1145,80.26,11.450,0.000,1.876,0.25,5.00,1.29,2.93,0.25
1146,80.32,11.460,0.000,1.888,0.24,5.00,1.29,2.90,0.24
1147,80.38,11.470,0.000,1.901,0.23,5.00,1.29,2.86,0.23
1148,80.45,11.480,0.000,1.913,0.23,5.00,1.30,2.85,0.23
1149,80.51,11.490,0.000,1.925,0.20,5.00,1.27,2.83,0.20
1150,80.58,11.500,0.000,1.937,0.20,5.00,1.29,2.79,0.20
1151,80.64,11.510,0.000,1.949,0.20,5.00,1.29,2.77,0.20
1152,80.70,11.520,0.000,1.961,0.19,2.93,1.28,2.74,0.19
1153,80.77,11.530,0.000,1.973,0.18,2.82,1.27,2.74,0.18
1154,80.83,11.540,0.000,1.985,0.18,2.72,1.28,2.70,0.18
1155,80.90,11.550,0.000,1.998,0.18,2.65,1.28,2.71,0.18
1156,80.96,11.560,0.000,2.010,0.17,2.67,1.27,2.68,0.17
1157,81.02,11.570,0.000,2.022,0.16,2.68,1.26,2.65,0.16
1158,81.09,11.580,0.000,2.034,0.16,2.70,1.26,2.64,0.16
1159,81.15,11.590,0.000,2.046,0.17,2.73,1.27,2.62,0.17
1160,81.22,11.600,0.000,2.058,0.17,2.73,1.28,2.57,0.17
1161,81.28,11.610,0.000,2.070,0.16,2.74,1.27,2.58,0.16
1162,81.34,11.620,0.000,2.082,0.16,2.79,1.27,2.53,0.16
1163,81.41,11.630,0.000,2.094,0.15,2.80,1.26,2.50,0.15
1164,81.47,11.640,0.000,2.105,0.16,5.00,1.27,2.49,0.16
1165,81.54,11.650,0.000,2.117,0.15,5.00,1.26,2.49,0.15
1166,81.60,11.660,0.000,2.129,0.14,5.00,1.25,2.46,0.14
1167,81.66,11.670,0.000,2.141,0.14,5.00,1.26,2.42,0.14
1168,81.73,11.680,0.000,2.153,0.14,5.00,1.26,2.41,0.14
1169,81.79,11.690,0.000,2.164,0.13,5.00,1.24,2.40,0.13
1170,81.86,11.700,0.000,2.176,0.14,5.00,1.25,2.38,0.14
1171,81.92,11.710,0.000,2.266,5.00,5.00,1.25,1.05,1.05
1172,81.98,11.720,0.000,2.267,0.13,5.00,1.25,1.05,0.13
1173,82.05,11.730,0.000,2.266,0.13,5.00,1.25,1.04,0.13
1174,82.11,11.740,0.000,2.285,5.00,5.00,1.24,1.03,1.03
1175,82.18,11.750,0.000,2.285,0.13,5.00,1.26,1.03,0.13
1176,82.24,11.760,0.000,2.311,0.13,5.00,1.26,0.99,0.13
1177,82.30,11.770,0.000,2.326,5.00,5.00,1.25,0.98,0.98
1178,82.37,11.780,0.000,2.364,5.00,5.00,1.26,0.94,0.94
1179,82.43,11.790,0.000,2.402,5.00,5.00,1.27,0.90,0.90
1180,82.50,11.800,0.000,2.439,5.00,1.80,1.28,0.89,0.89
1181,82.56,11.810,0.000,2.476,5.00,1.71,1.27,0.92,0.92
1182,82.62,11.820,0.000,2.512,5.00,1.69,1.28,0.98,0.98
1183,82.69,11.830,0.000,2.547,5.00,1.65,1.29,1.05,1.05
1184,82.75,11.840,0.000,2.581,5.00,1.60,1.30,1.08,1.08
1185,82.82,11.850,0.000,2.615,5.00,1.72,1.31,1.76,1.31
1186,82.88,11.860,0.000,2.648,5.00,1.82,1.32,1.71,1.32
1187,82.94,11.870,0.000,2.681,5.00,3.44,1.33,1.69,1.33
1188,83.01,11.880,0.000,2.712,5.00,5.00,1.34,1.65,1.34
1189,83.07,11.890,0.000,2.758,5.00,5.00,1.36,1.61,1.36
1190,83.14,11.900,0.000,2.806,5.00,5.00,1.38,1.58,1.38
1191,83.20,11.910,0.000,2.857,5.00,5.00,1.41,1.53,1.41
1192,83.26,11.920,0.000,2.907,5.00,5.00,1.44,1.50,1.44
1193,83.33,11.930,0.000,2.957,5.00,5.00,1.47,1.45,1.45
1194,83.39,11.940,0.000,3.006,5.00,5.00,1.50,1.44,1.44
1195,83.46,11.950,0.000,3.054,5.00,5.00,1.54,1.41,1.41
1196,83.52,11.960,0.000,3.102,2.96,5.00,1.58,1.37,1.37
1197,83.58,11.970,0.000,-3.134,2.95,5.00,1.61,1.36,1.36
1198,83.65,11.980,0.000,3.129,2.95,5.00,1.61,1.36,1.36
1199,83.71,11.990,0.000,-3.108,5.00,5.00,1.65,1.35,1.35
1200,83.78,12.000,0.000,-3.130,2.97,5.00,1.64,1.36,1.36
1201,83.84,12.010,0.000,-3.133,2.95,5.00,1.63,1.36,1.36
1202,83.90,12.020,0.000,-3.134,2.94,5.00,1.62,1.35,1.35
1203,83.97,12.030,0.000,-3.136,2.95,5.00,1.61,1.36,1.36
1204,84.03,12.040,0.000,-3.137,2.95,5.00,1.61,1.36,1.36
1205,84.10,12.050,0.000,-3.138,2.95,5.00,1.62,1.36,1.36
1206,84.16,12.060,0.000,-3.139,2.96,5.00,1.62,1.36,1.36
1207,84.22,12.070,0.000,-3.139,2.96,5.00,1.62,1.36,1.36
1208,84.29,12.080,0.000,-3.140,2.95,5.00,1.62,1.36,1.36
1209,84.35,12.090,0.000,-3.140,2.96,5.00,1.62,1.36,1.36
1210,84.42,12.100,0.000,-3.140,2.96,5.00,1.62,1.36,1.36
1211,84.48,12.110,0.000,-3.141,2.96,5.00,1.62,1.36,1.36
1212,84.54,12.120,0.000,-3.141,2.96,5.00,1.61,1.36,1.36
1213,84.61,12.130,0.000,-3.141,2.95,5.00,1.61,1.36,1.36
1214,84.67,12.140,0.000,-3.141,2.97,5.00,1.62,1.37,1.37
1215,84.74,12.150,0.000,-3.141,2.96,5.00,1.61,1.36,1.36
1216,84.80,12.160,0.000,-3.141,2.95,5.00,1.62,1.35,1.35
1217,84.86,12.170,0.000,-3.141,2.96,5.00,1.61,1.37,1.37
1218,84.93,12.180,0.000,-3.141,2.96,5.00,1.62,1.36,1.36
1219,84.99,12.190,0.000,-3.142,2.96,5.00,1.62,1.36,1.36
1220,85.06,12.200,0.000,-3.142,2.95,5.00,1.62,1.36,1.36
1221,85.12,12.210,0.000,-3.142,2.97,5.00,1.62,1.37,1.37
1222,85.18,12.220,0.000,-3.142,2.95,5.00,1.61,1.36,1.36
1223,85.25,12.230,0.000,-3.142,2.96,5.00,1.62,1.36,1.36

=== 统计信息 ===
平均距离: 2.32m
最小距离: 0.12m
最大距离: 5.00m
有效测量次数: 4896
